,HgtMOLA,LatPC,LonW,Denkgm3,Temp,EWind,EWTot,NWind,NWTot,VWind,DensP
0,125.47,-0.4,359.3,1.548e-09,122.7,15.3,40.9,18.4,10.8,-0.6,1.264716e-09
1,125.37,-0.4,359.3,1.572e-09,122.6,15.2,36.6,18.5,11.2,-0.8,1.1601359999999998e-09
2,125.27,-0.4,359.3,1.597e-09,122.5,15.1,36.7,18.5,15.8,-0.5,1.191362e-09
3,125.17,-0.4,359.3,1.622e-09,122.4,15.1,36.8,18.6,16.7,-0.2,1.162974e-09
4,125.07,-0.4,359.3,1.648e-09,122.2,15.0,36.4,18.7,17.2,0.1,1.171728e-09
5,124.97,-0.4,359.3,1.674e-09,122.1,15.0,34.4,18.7,20.6,-0.3,1.160082e-09
6,124.87,-0.4,359.3,1.7e-09,122.0,14.9,33.9,18.8,18.2,-1.2,1.2749999999999998e-09
7,124.77,-0.4,359.3,1.727e-09,121.9,14.8,29.3,18.9,21.9,-1.2,1.3470599999999999e-09
8,124.67,-0.4,359.3,1.755e-09,121.7,14.8,29.4,18.9,22.0,-1.4,1.33029e-09
9,124.57,-0.4,359.3,1.782e-09,121.6,14.7,29.3,19.0,21.0,-1.2,1.432728e-09
10,124.47,-0.4,359.3,1.811e-09,121.5,14.7,31.8,19.0,21.9,-1.4,1.320219e-09
11,124.37,-0.4,359.31,1.839e-09,121.3,14.6,33.8,19.1,21.0,-1.7,1.318563e-09
12,124.27,-0.4,359.31,1.868e-09,121.2,14.5,36.0,19.2,19.0,-1.4,1.2328800000000002e-09
13,124.17,-0.4,359.31,1.898e-09,121.1,14.5,35.8,19.2,21.6,-1.4,1.45197e-09
14,124.07,-0.4,359.31,1.928e-09,121.0,14.4,35.5,19.3,23.2,-1.8,1.57132e-09
15,123.97,-0.4,359.31,1.959e-09,120.8,14.4,31.7,19.3,22.2,-2.2,1.541733e-09
16,123.87,-0.4,359.31,1.99e-09,120.7,14.3,33.6,19.4,23.4,-2.3,1.56812e-09
17,123.77,-0.4,359.31,2.021e-09,120.6,14.2,29.7,19.5,25.6,-2.5,1.6248840000000001e-09
18,123.67,-0.4,359.31,2.055e-09,120.5,14.1,31.3,19.5,24.8,-2.1,1.82484e-09
19,123.57,-0.4,359.31,2.089e-09,120.3,14.0,29.9,19.5,28.6,-2.5,1.926058e-09
20,123.47,-0.4,359.31,2.124e-09,120.2,13.9,26.8,19.5,29.7,-2.7,1.8669960000000002e-09
21,123.37,-0.4,359.31,2.16e-09,120.1,13.8,24.6,19.5,31.7,-3.2,2.01744e-09
22,123.27,-0.4,359.31,2.196e-09,120.0,13.7,21.9,19.5,32.1,-2.9,1.99836e-09
23,123.17,-0.4,359.31,2.233e-09,119.8,13.5,22.4,19.5,31.1,-2.8,1.962807e-09
24,123.07,-0.4,359.31,2.27e-09,119.7,13.4,23.1,19.5,31.3,-2.6,2.12018e-09
25,122.97,-0.4,359.31,2.308e-09,119.6,13.3,28.6,19.5,31.1,-2.1,2.155672e-09
26,122.87,-0.4,359.31,2.347e-09,119.4,13.2,29.0,19.5,31.0,-1.7,2.3282239999999997e-09
27,122.77,-0.4,359.31,2.386e-09,119.3,13.1,28.9,19.5,34.2,-1.9,2.2499979999999997e-09
28,122.67,-0.4,359.31,2.426e-09,119.2,13.0,30.8,19.5,34.5,-2.3,2.287718e-09
29,122.57,-0.4,359.31,2.467e-09,119.1,12.8,26.9,19.5,37.9,-2.5,2.304178e-09
30,122.47,-0.4,359.31,2.508e-09,118.9,12.7,25.8,19.6,36.0,-1.6,2.312376e-09
31,122.37,-0.4,359.31,2.55e-09,118.8,12.6,27.5,19.6,36.1,-0.8,2.3434500000000002e-09
32,122.27,-0.4,359.31,2.593e-09,118.7,12.5,30.6,19.6,36.4,-0.2,2.424455e-09
33,122.17,-0.4,359.31,2.636e-09,118.6,12.4,32.5,19.6,35.0,-0.9,2.506836e-09
34,122.07,-0.4,359.31,2.68e-09,118.4,12.3,34.8,19.6,32.0,-1.3,2.6183599999999996e-09
35,121.97,-0.4,359.31,2.725e-09,118.3,12.2,36.5,19.6,36.1,-1.4,2.85035e-09
36,121.87,-0.4,359.31,2.771e-09,118.2,12.0,33.4,19.6,38.9,-1.6,2.807023e-09
37,121.77,-0.4,359.31,2.817e-09,118.1,11.9,34.0,19.6,43.0,-1.8,2.769111e-09
38,121.67,-0.4,359.31,2.865e-09,117.9,11.8,35.0,19.6,44.3,-1.1,2.87646e-09
39,121.57,-0.4,359.31,2.913e-09,117.8,11.7,35.5,19.6,42.0,-0.8,3.253821e-09
40,121.47,-0.4,359.31,2.961e-09,117.7,11.6,34.2,19.6,41.2,-0.6,3.467331e-09
41,121.37,-0.4,359.31,3.011e-09,117.6,11.5,35.8,19.6,43.9,-0.1,3.333177e-09
42,121.27,-0.4,359.31,3.061e-09,117.4,11.3,36.1,19.6,46.1,-0.2,3.388527e-09
43,121.17,-0.4,359.31,3.113e-09,117.3,11.2,37.8,19.7,46.1,0.5,3.1161129999999996e-09
44,121.07,-0.4,359.31,3.165e-09,117.2,11.1,38.0,19.7,42.2,0.1,3.250455e-09
45,120.97,-0.4,359.31,3.218e-09,117.1,11.0,38.3,19.7,40.1,0.4,3.218e-09
46,120.87,-0.4,359.31,3.272e-09,116.9,10.9,37.0,19.7,38.8,0.7,3.2752719999999994e-09
47,120.77,-0.4,359.31,3.327e-09,116.8,10.8,39.0,19.7,36.8,0.1,3.270441e-09
48,120.67,-0.4,359.31,3.383e-09,116.7,10.6,37.3,19.7,35.0,0.1,3.267978e-09
49,120.57,-0.4,359.31,3.44e-09,116.6,10.5,36.9,19.7,38.9,0.6,3.31272e-09
50,120.47,-0.4,359.31,3.497e-09,116.4,10.4,32.7,19.7,38.9,1.1,3.3466289999999997e-09
51,120.37,-0.4,359.31,3.556e-09,116.3,10.3,33.1,19.7,40.6,1.3,3.499104e-09
52,120.27,-0.4,359.31,3.616e-09,116.2,10.2,29.9,19.7,41.4,1.7,3.50752e-09
53,120.17,-0.4,359.31,3.676e-09,116.1,10.1,29.4,19.7,43.0,1.7,3.378244e-09
54,120.07,-0.4,359.31,3.738e-09,115.9,10.0,25.3,19.7,37.8,2.1,3.4688640000000004e-09
55,119.97,-0.4,359.31,3.801e-09,115.8,9.8,28.8,19.7,37.1,1.8,3.553935e-09
56,119.87,-0.4,359.31,3.865e-09,115.7,9.7,28.5,19.7,36.5,0.9,3.5712600000000003e-09
57,119.77,-0.4,359.31,3.93e-09,115.5,9.6,27.9,19.8,33.9,1.9,3.8238900000000005e-09
58,119.67,-0.4,359.31,3.996e-09,115.4,9.5,30.0,19.8,30.3,2.3,3.8201759999999995e-09
59,119.57,-0.4,359.31,4.063e-09,115.3,9.4,30.3,19.8,35.1,1.9,4.046748e-09
60,119.47,-0.4,359.31,4.131e-09,115.2,9.3,30.5,19.8,29.8,1.8,4.188834e-09
61,119.37,-0.4,359.31,4.2e-09,115.0,9.1,34.6,19.8,28.6,1.6,4.9056e-09
62,119.27,-0.4,359.31,4.271e-09,114.9,9.0,34.4,19.8,29.0,2.1,4.8134169999999996e-09
63,119.17,-0.4,359.31,4.343e-09,114.8,8.9,31.7,19.8,32.0,1.7,4.998793000000001e-09
64,119.07,-0.4,359.31,4.416e-09,114.7,8.8,29.3,19.8,30.5,1.0,5.020992e-09
65,118.97,-0.4,359.31,4.49e-09,114.5,8.7,28.8,19.8,29.5,1.4,5.14105e-09
66,118.87,-0.4,359.31,4.565e-09,114.4,8.6,29.6,19.8,28.7,1.3,5.236055e-09
67,118.77,-0.4,359.31,4.642e-09,114.3,8.4,29.0,19.8,31.3,0.4,5.333658e-09
68,118.67,-0.4,359.31,4.72e-09,114.2,8.3,28.5,19.8,31.8,0.7,4.9796e-09
69,118.57,-0.4,359.31,4.798e-09,114.2,8.2,27.9,19.7,27.9,1.3,4.884364e-09
70,118.47,-0.4,359.31,4.878e-09,114.1,8.0,28.4,19.6,27.5,0.9,4.824342e-09
71,118.37,-0.4,359.31,4.96e-09,114.0,7.9,28.4,19.6,23.6,0.8,4.999680000000001e-09
72,118.27,-0.4,359.31,5.043e-09,114.0,7.7,29.3,19.5,26.1,-0.3,4.972398e-09
73,118.17,-0.4,359.31,5.127e-09,113.9,7.6,29.4,19.4,23.8,-0.4,5.614065e-09
74,118.07,-0.4,359.31,5.213e-09,113.8,7.4,24.1,19.3,24.0,-0.6,5.739513e-09
75,117.97,-0.4,359.31,5.3e-09,113.8,7.3,23.8,19.3,18.4,0.5,5.7293e-09
76,117.87,-0.4,359.31,5.388e-09,113.7,7.2,23.2,19.2,17.3,0.3,5.6574e-09
77,117.77,-0.4,359.31,5.478e-09,113.6,7.0,22.8,19.1,14.2,-0.3,5.439654e-09
78,117.67,-0.4,359.31,5.57e-09,113.6,6.9,20.9,19.1,14.5,0.6,5.37505e-09
79,117.57,-0.4,359.31,5.663e-09,113.5,6.7,16.1,19.0,14.7,0.0,5.6063699999999995e-09
80,117.47,-0.4,359.31,5.758e-09,113.4,6.6,16.3,18.9,13.1,0.5,5.6889040000000005e-09
81,117.37,-0.4,359.31,5.854e-09,113.4,6.4,14.7,18.9,13.7,0.6,5.6256939999999995e-09
82,117.27,-0.4,359.31,5.952e-09,113.3,6.3,13.3,18.8,12.7,0.0,5.17824e-09
83,117.17,-0.4,359.31,6.051e-09,113.2,6.2,10.2,18.7,9.7,0.4,5.258319e-09
84,117.07,-0.4,359.31,6.152e-09,113.2,6.0,9.4,18.7,7.7,0.1,4.9646640000000005e-09
85,116.97,-0.4,359.31,6.255e-09,113.1,5.9,8.0,18.6,5.7,0.0,5.55444e-09
86,116.87,-0.4,359.31,6.36e-09,113.1,5.7,8.7,18.5,8.3,-0.0,5.48232e-09
87,116.77,-0.4,359.31,6.466e-09,113.0,5.6,12.0,18.5,7.4,-0.6,5.800002e-09
88,116.67,-0.4,359.31,6.574e-09,112.9,5.4,10.3,18.4,6.4,0.2,5.7391019999999996e-09
89,116.57,-0.4,359.31,6.684e-09,112.9,5.3,9.5,18.3,6.7,0.0,6.089124e-09
90,116.47,-0.4,359.31,6.796e-09,112.8,5.2,9.8,18.2,8.7,-0.1,5.430004e-09
91,116.37,-0.4,359.31,6.91e-09,112.7,5.0,5.3,18.2,13.1,0.2,5.514180000000001e-09
92,116.27,-0.4,359.31,7.025e-09,112.7,4.9,7.2,18.1,15.1,0.2,5.85885e-09
93,116.17,-0.4,359.31,7.143e-09,112.6,4.7,3.4,18.0,13.8,-0.2,6.078693e-09
94,116.07,-0.4,359.31,7.262e-09,112.5,4.6,2.2,18.0,16.2,-1.0,6.448656e-09
95,115.97,-0.4,359.31,7.384e-09,112.5,4.4,3.7,17.9,17.3,-0.6,6.42408e-09
96,115.87,-0.4,359.31,7.507e-09,112.4,4.3,4.0,17.8,14.5,-0.4,6.1632470000000005e-09
97,115.77,-0.4,359.31,7.633e-09,112.3,4.2,5.1,17.8,14.5,-0.2,6.396454e-09
98,115.67,-0.4,359.31,7.761e-09,112.3,4.0,6.3,17.7,15.0,-0.7,7.303101e-09
99,115.57,-0.4,359.31,7.891e-09,112.2,3.9,1.9,17.6,15.4,-0.7,7.827872e-09
100,115.47,-0.4,359.31,8.023e-09,112.1,3.7,-1.0,17.6,16.3,-1.7,7.886609e-09
101,115.37,-0.4,359.31,8.157e-09,112.1,3.6,-3.8,17.5,18.4,-1.3,7.765464e-09
102,115.27,-0.4,359.32,8.294e-09,112.0,3.4,-4.3,17.4,18.7,-1.5,7.978828e-09
103,115.17,-0.4,359.32,8.432e-09,111.9,3.3,-6.2,17.4,16.2,-1.3,8.415136e-09
104,115.07,-0.4,359.32,8.574e-09,111.9,3.2,-6.4,17.3,12.9,-1.3,8.008116e-09
105,114.97,-0.4,359.32,8.717e-09,111.8,3.0,-10.2,17.2,13.0,-1.4,8.655980999999999e-09
106,114.87,-0.4,359.32,8.863e-09,111.8,2.9,-10.8,17.1,11.9,-0.9,9.39478e-09
107,114.77,-0.4,359.32,9.011e-09,111.7,2.7,-11.3,17.1,12.5,-0.8,9.776935e-09
108,114.67,-0.4,359.32,9.162e-09,111.6,2.6,-14.0,17.0,13.0,-0.1,9.473508e-09
109,114.57,-0.4,359.32,9.316e-09,111.6,2.4,-16.1,16.9,15.6,-0.1,1.0266232000000002e-08
110,114.47,-0.4,359.32,9.472e-09,111.5,2.3,-12.9,16.9,13.7,0.2,1.1716864000000001e-08
111,114.37,-0.4,359.32,9.63e-09,111.4,2.2,-15.9,16.8,17.2,0.3,1.152711e-08
112,114.27,-0.4,359.32,9.792e-09,111.4,2.0,-10.9,16.7,19.3,-0.8,1.0878912e-08
113,114.17,-0.4,359.32,9.956e-09,111.3,1.9,-8.0,16.7,19.1,-0.8,1.2235924e-08
114,114.07,-0.4,359.32,1.012e-08,111.2,1.7,-4.8,16.6,18.6,-1.1,1.2953600000000001e-08
115,113.97,-0.4,359.32,1.029e-08,111.2,1.6,-3.0,16.5,16.3,-1.4,1.280076e-08
116,113.87,-0.4,359.32,1.046e-08,111.1,1.4,-0.2,16.5,16.3,-1.6,1.3012240000000001e-08
117,113.77,-0.4,359.32,1.064e-08,111.0,1.3,-0.0,16.4,15.3,-2.3,1.321488e-08
118,113.67,-0.4,359.32,1.081e-08,111.1,1.2,2.3,16.3,11.7,-2.2,1.498266e-08
119,113.57,-0.4,359.32,1.099e-08,111.1,1.1,5.7,16.2,14.6,-2.5,1.466066e-08
120,113.47,-0.4,359.32,1.117e-08,111.1,1.0,7.8,16.0,12.2,-2.6,1.504599e-08
121,113.37,-0.4,359.32,1.135e-08,111.1,0.9,10.0,15.9,11.1,-2.4,1.465285e-08
122,113.27,-0.4,359.32,1.153e-08,111.1,0.8,9.7,15.8,9.7,-2.9,1.405507e-08
123,113.17,-0.4,359.32,1.172e-08,111.1,0.7,9.3,15.7,14.2,-3.6,1.54118e-08
124,113.07,-0.4,359.32,1.191e-08,111.2,0.6,11.4,15.6,18.6,-2.7,1.448256e-08
125,112.97,-0.4,359.32,1.211e-08,111.2,0.5,12.3,15.4,15.4,-2.7,1.386595e-08
126,112.87,-0.4,359.32,1.23e-08,111.2,0.4,10.6,15.3,16.8,-2.7,1.3665299999999998e-08
127,112.77,-0.4,359.32,1.25e-08,111.2,0.3,13.4,15.2,18.8,-2.6,1.3975000000000001e-08
128,112.67,-0.4,359.32,1.271e-08,111.2,0.2,14.6,15.1,16.3,-2.3,1.4171649999999999e-08
129,112.57,-0.4,359.32,1.291e-08,111.2,0.1,16.3,15.0,18.1,-2.3,1.416227e-08
130,112.47,-0.4,359.32,1.312e-08,111.3,0.0,17.2,14.8,18.4,-2.4,1.4156479999999999e-08
131,112.37,-0.4,359.32,1.334e-08,111.3,-0.0,15.8,14.7,18.9,-1.2,1.404702e-08
132,112.27,-0.4,359.32,1.356e-08,111.3,-0.1,15.2,14.6,21.7,-0.8,1.490244e-08
133,112.17,-0.4,359.32,1.378e-08,111.3,-0.2,17.4,14.5,22.5,-1.0,1.4689480000000001e-08
134,112.07,-0.4,359.32,1.4e-08,111.3,-0.3,17.6,14.4,20.7,-0.9,1.4812e-08
135,111.97,-0.4,359.32,1.423e-08,111.3,-0.4,14.7,14.2,20.1,-1.1,1.533994e-08
136,111.87,-0.4,359.32,1.446e-08,111.3,-0.5,13.6,14.1,20.0,-1.5,1.714956e-08
137,111.77,-0.4,359.32,1.47e-08,111.4,-0.6,17.2,14.0,17.1,-1.4,1.64346e-08
138,111.67,-0.4,359.32,1.493e-08,111.4,-0.7,14.8,13.9,13.7,-1.8,1.640807e-08
139,111.57,-0.4,359.32,1.518e-08,111.4,-0.8,16.6,13.8,11.7,-1.1,1.735074e-08
140,111.47,-0.4,359.32,1.542e-08,111.4,-0.9,18.1,13.6,10.8,-1.0,1.716246e-08
141,111.37,-0.4,359.32,1.568e-08,111.4,-1.0,19.1,13.5,11.5,-1.1,1.822016e-08
142,111.27,-0.4,359.32,1.593e-08,111.4,-1.1,18.9,13.4,10.1,-1.3,1.917972e-08
143,111.17,-0.4,359.32,1.619e-08,111.5,-1.2,19.2,13.3,9.8,-1.0,1.9735610000000004e-08
144,111.07,-0.4,359.32,1.645e-08,111.5,-1.3,17.6,13.2,9.7,-1.1,2.0858599999999997e-08
145,110.97,-0.4,359.32,1.672e-08,111.5,-1.4,14.3,13.0,11.1,-1.3,2.093344e-08
146,110.87,-0.4,359.32,1.699e-08,111.5,-1.5,14.2,12.9,7.9,-1.7,2.032004e-08
147,110.77,-0.4,359.32,1.727e-08,111.5,-1.6,14.0,12.8,8.9,-2.0,1.88243e-08
148,110.67,-0.4,359.32,1.755e-08,111.5,-1.7,15.7,12.7,7.0,-1.8,2.00421e-08
149,110.57,-0.4,359.32,1.784e-08,111.6,-1.8,17.3,12.6,5.1,-1.1,2.1408e-08
150,110.47,-0.4,359.32,1.813e-08,111.6,-1.9,17.6,12.4,4.0,-1.4,2.208234e-08
151,110.37,-0.4,359.32,1.842e-08,111.6,-2.0,18.1,12.3,5.7,-1.0,2.258292e-08
152,110.27,-0.4,359.32,1.872e-08,111.6,-2.1,15.4,12.2,7.9,-1.4,2.1808800000000003e-08
153,110.17,-0.4,359.32,1.903e-08,111.6,-2.2,15.3,12.1,6.2,-1.2,2.129457e-08
154,110.07,-0.4,359.32,1.934e-08,111.6,-2.2,13.9,12.0,7.6,-0.3,2.23377e-08
155,109.97,-0.4,359.32,1.965e-08,111.7,-2.3,12.3,11.8,10.0,-0.4,2.3678250000000002e-08
156,109.87,-0.4,359.32,1.997e-08,111.7,-2.4,16.6,11.7,10.7,-0.5,2.3085319999999997e-08
157,109.77,-0.4,359.32,2.03e-08,111.7,-2.5,16.7,11.6,11.7,0.1,2.28781e-08
158,109.67,-0.4,359.32,2.063e-08,111.7,-2.6,14.2,11.5,10.7,-0.6,2.370387e-08
159,109.57,-0.4,359.32,2.097e-08,111.7,-2.7,15.4,11.4,11.9,-0.1,2.2920209999999997e-08
160,109.47,-0.4,359.32,2.131e-08,111.7,-2.8,13.6,11.2,13.4,0.2,2.4911390000000002e-08
161,109.37,-0.4,359.32,2.165e-08,111.8,-2.9,18.2,11.1,11.4,0.3,2.413975e-08
162,109.27,-0.4,359.32,2.201e-08,111.8,-3.0,18.8,11.0,14.7,0.4,2.462919e-08
163,109.17,-0.4,359.32,2.237e-08,111.8,-3.1,17.8,10.9,17.9,0.0,2.7917760000000002e-08
164,109.07,-0.4,359.32,2.273e-08,111.8,-3.2,17.2,10.8,17.8,0.1,2.913986e-08
165,108.97,-0.4,359.32,2.31e-08,111.8,-3.3,22.4,10.6,18.9,0.0,2.9567999999999997e-08
166,108.87,-0.4,359.32,2.348e-08,111.8,-3.4,24.2,10.5,16.4,0.3,3.0195279999999997e-08
167,108.77,-0.4,359.32,2.386e-08,111.9,-3.5,26.3,10.4,15.6,0.2,2.858428e-08
168,108.67,-0.4,359.32,2.423e-08,111.9,-3.5,24.3,10.3,17.7,0.4,2.88337e-08
169,108.57,-0.4,359.32,2.46e-08,112.0,-3.5,25.5,10.2,17.3,0.1,2.8880399999999996e-08
170,108.47,-0.4,359.32,2.498e-08,112.1,-3.6,26.6,10.0,17.3,0.2,3.077536e-08
171,108.37,-0.4,359.32,2.537e-08,112.2,-3.6,27.1,9.9,14.4,0.4,3.4249500000000005e-08
172,108.27,-0.4,359.32,2.576e-08,112.2,-3.6,29.1,9.8,16.2,0.4,3.498208e-08
173,108.17,-0.4,359.32,2.616e-08,112.3,-3.6,29.2,9.7,13.3,0.5,3.301392e-08
174,108.07,-0.4,359.32,2.656e-08,112.4,-3.7,28.5,9.5,14.5,1.1,3.219072e-08
175,107.97,-0.4,359.32,2.697e-08,112.5,-3.7,26.9,9.4,14.1,1.0,3.1123379999999996e-08
176,107.87,-0.4,359.32,2.739e-08,112.6,-3.7,25.2,9.3,12.4,1.0,3.193674e-08
177,107.77,-0.4,359.32,2.781e-08,112.6,-3.7,25.5,9.2,10.3,1.5,3.128625e-08
178,107.67,-0.4,359.32,2.824e-08,112.7,-3.8,24.3,9.1,12.0,1.7,3.3238480000000004e-08
179,107.57,-0.4,359.32,2.867e-08,112.8,-3.8,25.4,8.9,9.5,1.3,3.417464e-08
180,107.47,-0.4,359.32,2.912e-08,112.9,-3.8,29.0,8.8,10.3,0.7,3.6167039999999995e-08
181,107.37,-0.4,359.32,2.957e-08,112.9,-3.9,29.7,8.7,7.9,1.3,3.462647e-08
182,107.27,-0.4,359.32,3.002e-08,113.0,-3.9,28.4,8.6,9.6,0.7,3.7194780000000006e-08
183,107.17,-0.4,359.32,3.049e-08,113.1,-3.9,29.4,8.4,11.2,1.3,3.716731e-08
184,107.07,-0.4,359.32,3.096e-08,113.2,-3.9,28.4,8.3,7.3,2.0,3.5015760000000004e-08
185,106.97,-0.4,359.32,3.143e-08,113.3,-4.0,26.0,8.2,7.8,2.4,3.52016e-08
186,106.87,-0.4,359.32,3.192e-08,113.3,-4.0,26.7,8.1,6.6,2.2,3.929352e-08
187,106.77,-0.4,359.32,3.241e-08,113.4,-4.0,24.8,8.0,4.9,1.6,3.908646e-08
188,106.67,-0.4,359.32,3.291e-08,113.5,-4.0,25.5,7.8,4.1,1.4,3.830724e-08
189,106.57,-0.4,359.32,3.342e-08,113.6,-4.1,26.3,7.7,2.0,2.0,4.164132e-08
190,106.47,-0.4,359.32,3.394e-08,113.6,-4.1,24.8,7.6,3.7,1.6,4.1542559999999996e-08
191,106.37,-0.4,359.32,3.446e-08,113.7,-4.1,22.5,7.5,4.9,1.2,4.235134e-08
192,106.27,-0.4,359.32,3.499e-08,113.8,-4.1,23.7,7.3,6.5,1.0,4.783133e-08
193,106.17,-0.4,359.33,3.553e-08,113.9,-4.2,23.8,7.2,5.0,0.5,4.906693e-08
194,106.07,-0.4,359.33,3.608e-08,114.0,-4.2,23.2,7.1,3.6,0.2,4.88884e-08
195,105.97,-0.4,359.33,3.664e-08,114.0,-4.2,22.5,7.0,3.0,-0.2,4.9683840000000005e-08
196,105.87,-0.4,359.33,3.721e-08,114.1,-4.2,19.4,6.9,6.0,0.2,5.034513e-08
197,105.77,-0.4,359.33,3.778e-08,114.2,-4.3,19.3,6.7,8.8,0.4,4.782948e-08
198,105.67,-0.4,359.33,3.836e-08,114.3,-4.3,18.1,6.6,6.3,0.3,4.8448679999999997e-08
199,105.57,-0.4,359.33,3.896e-08,114.3,-4.3,19.8,6.5,5.6,0.5,5.0531119999999996e-08
200,105.47,-0.4,359.33,3.956e-08,114.4,-4.3,18.8,6.4,3.3,0.4,4.699728e-08
201,105.37,-0.4,359.33,4.017e-08,114.5,-4.4,14.6,6.2,3.7,-0.2,4.868604e-08
202,105.27,-0.4,359.33,4.079e-08,114.6,-4.4,18.6,6.1,4.0,-0.5,5.164014e-08
203,105.17,-0.4,359.33,4.142e-08,114.7,-4.4,19.6,6.0,4.0,-0.7,4.668034e-08
204,105.07,-0.4,359.33,4.206e-08,114.7,-4.4,17.3,5.9,3.6,-0.3,4.651836e-08
205,104.97,-0.4,359.33,4.271e-08,114.8,-4.5,16.3,5.7,3.1,-1.1,4.7664360000000005e-08
206,104.87,-0.4,359.33,4.337e-08,114.9,-4.5,15.9,5.6,5.5,-0.5,4.861777e-08
207,104.77,-0.4,359.33,4.404e-08,115.0,-4.5,19.2,5.5,6.0,-0.5,4.659432e-08
208,104.67,-0.4,359.33,4.472e-08,115.0,-4.5,15.8,5.4,5.0,-0.3,4.691128e-08
209,104.57,-0.4,359.33,4.541e-08,115.1,-4.6,14.7,5.3,3.0,-0.3,4.7952960000000006e-08
210,104.47,-0.4,359.33,4.611e-08,115.2,-4.6,15.9,5.1,1.5,-0.7,4.7032200000000005e-08
211,104.37,-0.4,359.33,4.683e-08,115.3,-4.6,15.8,5.0,3.5,-0.5,4.706415e-08
212,104.27,-0.4,359.33,4.755e-08,115.4,-4.7,18.3,4.9,2.7,0.3,4.85961e-08
213,104.17,-0.4,359.33,4.828e-08,115.4,-4.7,18.9,4.8,2.9,0.2,4.80386e-08
214,104.07,-0.4,359.33,4.903e-08,115.5,-4.7,17.6,4.6,0.6,0.7,5.501166000000001e-08
215,103.97,-0.4,359.33,4.979e-08,115.6,-4.7,15.6,4.5,-1.4,0.5,5.785597999999999e-08
216,103.87,-0.4,359.33,5.056e-08,115.7,-4.8,12.6,4.4,0.9,0.6,6.09248e-08
217,103.77,-0.4,359.33,5.134e-08,115.7,-4.8,10.6,4.3,0.7,0.3,5.9092340000000006e-08
218,103.67,-0.4,359.33,5.21e-08,115.8,-4.8,9.2,4.2,-1.5,-0.2,6.06444e-08
219,103.57,-0.4,359.33,5.288e-08,115.9,-4.8,9.4,4.1,-3.1,-0.2,6.176384e-08
220,103.47,-0.4,359.33,5.366e-08,116.0,-4.7,8.6,4.0,-6.9,-0.1,6.106508e-08
221,103.37,-0.4,359.33,5.446e-08,116.1,-4.7,12.2,3.9,-7.4,-0.6,6.137642e-08
222,103.27,-0.4,359.33,5.527e-08,116.2,-4.7,8.8,3.8,-6.8,-0.7,6.461063e-08
223,103.17,-0.4,359.33,5.609e-08,116.3,-4.7,5.3,3.7,-5.5,-0.6,7.01125e-08
224,103.07,-0.4,359.33,5.692e-08,116.4,-4.7,5.4,3.6,-2.1,-0.9,6.927164e-08
225,102.97,-0.4,359.33,5.777e-08,116.5,-4.7,5.7,3.5,-3.9,-1.3,7.463884e-08
226,102.87,-0.4,359.33,5.863e-08,116.6,-4.7,4.5,3.3,-3.9,-1.0,7.862283000000001e-08
227,102.77,-0.4,359.33,5.95e-08,116.7,-4.6,2.0,3.2,-5.5,-1.1,7.83615e-08
228,102.67,-0.4,359.33,6.038e-08,116.8,-4.6,0.9,3.1,-6.3,-0.6,7.680336e-08
229,102.57,-0.4,359.33,6.128e-08,116.8,-4.6,3.8,3.0,-3.8,-0.8,8.039936000000001e-08
230,102.47,-0.4,359.33,6.219e-08,116.9,-4.6,5.2,2.9,-4.4,-0.2,8.221518e-08
231,102.37,-0.4,359.33,6.312e-08,117.0,-4.6,3.3,2.8,-7.2,-0.1,7.95312e-08
232,102.27,-0.4,359.33,6.406e-08,117.1,-4.6,4.3,2.7,-7.9,-0.2,7.898598000000001e-08
233,102.17,-0.4,359.33,6.501e-08,117.2,-4.5,5.4,2.6,-7.5,-0.6,8.64633e-08
234,102.07,-0.4,359.33,6.597e-08,117.3,-4.5,5.3,2.5,-7.2,-0.6,9.229203e-08
235,101.97,-0.4,359.33,6.696e-08,117.4,-4.5,5.6,2.4,-8.5,-0.4,9.3744e-08
236,101.87,-0.4,359.33,6.795e-08,117.5,-4.5,3.1,2.3,-6.7,-0.3,9.63531e-08
237,101.77,-0.4,359.33,6.896e-08,117.6,-4.5,3.8,2.2,-6.2,-0.3,9.34408e-08
238,101.67,-0.4,359.33,6.999e-08,117.7,-4.5,5.4,2.1,-5.3,-0.1,9.532637999999999e-08
239,101.57,-0.4,359.33,7.103e-08,117.8,-4.5,7.2,2.0,-4.8,0.1,9.219694e-08
240,101.47,-0.4,359.33,7.208e-08,117.8,-4.4,8.4,1.9,-3.8,0.1,9.918207999999998e-08
241,101.37,-0.4,359.33,7.316e-08,117.9,-4.4,8.4,1.8,-3.1,0.3,1.0293612e-07
242,101.27,-0.4,359.33,7.424e-08,118.0,-4.4,7.4,1.7,-3.8,0.5,1.1291903999999998e-07
243,101.17,-0.4,359.33,7.535e-08,118.1,-4.4,4.6,1.6,-2.6,0.4,1.134771e-07
244,101.07,-0.4,359.33,7.647e-08,118.2,-4.4,8.6,1.5,-5.1,0.8,1.1516382e-07
245,100.97,-0.4,359.33,7.761e-08,118.3,-4.4,10.6,1.4,-6.8,1.1,1.1625978e-07
246,100.87,-0.4,359.33,7.876e-08,118.4,-4.4,11.3,1.3,-5.3,1.1,1.1743116000000001e-07
247,100.77,-0.4,359.33,7.993e-08,118.5,-4.3,11.3,1.2,-8.4,1.0,1.1925556e-07
248,100.67,-0.4,359.33,8.112e-08,118.6,-4.3,8.0,1.1,-6.0,1.0,1.2143664000000002e-07
249,100.57,-0.4,359.33,8.233e-08,118.7,-4.3,11.3,1.0,-6.2,1.4,1.1674393999999998e-07
250,100.47,-0.4,359.33,8.356e-08,118.8,-4.3,11.0,0.9,-6.0,0.8,1.2383592e-07
251,100.37,-0.4,359.33,8.48e-08,118.9,-4.3,13.2,0.8,-5.1,0.6,1.226208e-07
252,100.27,-0.4,359.33,8.606e-08,118.9,-4.3,15.9,0.7,-2.4,0.8,1.3201604000000002e-07
253,100.17,-0.4,359.33,8.734e-08,119.0,-4.3,12.3,0.6,0.3,0.5,1.3197074e-07
254,100.07,-0.4,359.33,8.864e-08,119.1,-4.2,12.8,0.5,4.3,0.7,1.3570784e-07
255,99.97,-0.4,359.33,8.996e-08,119.2,-4.2,10.2,0.4,4.8,0.7,1.4780428e-07
256,99.87,-0.4,359.33,9.13e-08,119.3,-4.2,8.5,0.2,3.1,0.6,1.52471e-07
257,99.77,-0.4,359.33,9.266e-08,119.4,-4.2,6.7,0.1,3.9,1.2,1.491826e-07
258,99.67,-0.4,359.33,9.404e-08,119.5,-4.2,3.8,0.0,4.9,1.0,1.4736068e-07
259,99.57,-0.4,359.33,9.544e-08,119.6,-4.2,4.1,-0.1,2.5,0.6,1.4926816e-07
260,99.47,-0.4,359.33,9.686e-08,119.7,-4.2,4.2,-0.2,2.8,0.3,1.6359654e-07
261,99.37,-0.4,359.33,9.83e-08,119.8,-4.1,3.9,-0.3,2.7,-0.4,1.60229e-07
262,99.27,-0.4,359.33,9.976e-08,119.9,-4.1,1.8,-0.4,4.9,-0.4,1.6440448e-07
263,99.17,-0.4,359.33,1.013e-07,120.0,-4.1,2.4,-0.5,-1.3,-0.2,1.68158e-07
264,99.07,-0.4,359.33,1.028e-07,120.0,-4.1,3.3,-0.6,1.3,-0.3,1.7013399999999998e-07
265,98.97,-0.4,359.33,1.043e-07,120.1,-4.1,6.2,-0.7,0.8,-0.6,1.705305e-07
266,98.87,-0.4,359.33,1.058e-07,120.2,-4.1,7.4,-0.8,-0.9,-0.8,1.6589439999999998e-07
267,98.77,-0.4,359.33,1.074e-07,120.3,-4.1,9.3,-0.9,-4.3,-0.6,1.6829579999999998e-07
268,98.67,-0.4,359.33,1.09e-07,120.4,-4.0,10.5,-1.0,-5.7,-0.1,1.65244e-07
269,98.57,-0.4,359.33,1.105e-07,120.5,-4.0,11.9,-1.0,-6.4,0.3,1.570205e-07
270,98.47,-0.4,359.33,1.121e-07,120.5,-4.0,13.5,-1.1,-7.8,-0.1,1.6534750000000002e-07
271,98.37,-0.4,359.33,1.137e-07,120.6,-3.9,11.7,-1.2,-7.8,0.0,1.542909e-07
272,98.27,-0.4,359.33,1.154e-07,120.7,-3.9,15.0,-1.3,-10.5,-0.1,1.647912e-07
273,98.17,-0.4,359.33,1.17e-07,120.8,-3.9,15.1,-1.4,-10.5,0.7,1.71054e-07
274,98.07,-0.4,359.33,1.187e-07,120.8,-3.8,15.0,-1.4,-10.4,0.9,1.761508e-07
275,97.97,-0.4,359.33,1.204e-07,120.9,-3.8,14.0,-1.5,-9.1,1.2,1.706068e-07
276,97.87,-0.4,359.33,1.221e-07,121.0,-3.8,15.3,-1.6,-11.6,0.8,1.7521349999999998e-07
277,97.77,-0.4,359.33,1.239e-07,121.1,-3.7,13.9,-1.7,-11.2,0.7,1.787877e-07
278,97.67,-0.4,359.33,1.257e-07,121.1,-3.7,15.7,-1.8,-13.5,0.0,1.783683e-07
279,97.57,-0.4,359.33,1.275e-07,121.2,-3.7,14.7,-1.8,-14.4,0.3,1.8513e-07
280,97.47,-0.4,359.33,1.293e-07,121.3,-3.6,12.9,-1.9,-15.7,-0.1,1.841232e-07
281,97.37,-0.4,359.33,1.312e-07,121.4,-3.6,12.1,-2.0,-14.9,0.1,1.8997760000000001e-07
282,97.27,-0.4,359.33,1.33e-07,121.4,-3.6,13.7,-2.1,-14.1,-0.1,1.97638e-07
283,97.17,-0.4,359.33,1.35e-07,121.5,-3.5,11.0,-2.2,-14.5,-0.2,2.0398499999999998e-07
284,97.07,-0.4,359.34,1.369e-07,121.6,-3.5,6.6,-2.2,-15.4,0.3,2.001478e-07
285,96.97,-0.4,359.34,1.389e-07,121.7,-3.5,8.1,-2.3,-17.9,0.5,1.936266e-07
286,96.87,-0.4,359.34,1.409e-07,121.7,-3.4,9.3,-2.4,-17.6,0.7,1.917649e-07
287,96.77,-0.4,359.34,1.429e-07,121.8,-3.4,10.2,-2.5,-14.0,0.6,1.9920259999999997e-07
288,96.67,-0.4,359.34,1.449e-07,121.9,-3.4,11.7,-2.6,-14.0,0.7,2.025702e-07
289,96.57,-0.4,359.34,1.47e-07,122.0,-3.3,16.0,-2.6,-14.5,0.3,1.98891e-07
290,96.47,-0.4,359.34,1.491e-07,122.0,-3.3,16.3,-2.7,-15.6,0.8,2.0337240000000002e-07
291,96.37,-0.4,359.34,1.513e-07,122.1,-3.3,13.7,-2.8,-14.6,1.3,2.0652450000000002e-07
292,96.27,-0.4,359.34,1.535e-07,122.2,-3.2,12.9,-2.9,-13.8,1.8,2.187375e-07
293,96.17,-0.4,359.34,1.557e-07,122.3,-3.2,10.1,-3.0,-15.7,1.5,2.270106e-07
294,96.07,-0.4,359.34,1.579e-07,122.3,-3.2,9.6,-3.0,-20.6,1.4,2.286392e-07
295,95.97,-0.4,359.34,1.602e-07,122.4,-3.1,9.0,-3.1,-22.2,0.8,2.350134e-07
296,95.87,-0.4,359.34,1.625e-07,122.5,-3.1,9.2,-3.2,-17.4,1.2,2.32375e-07
297,95.77,-0.4,359.34,1.648e-07,122.6,-3.1,8.9,-3.3,-17.1,1.0,2.53792e-07
298,95.67,-0.4,359.34,1.672e-07,122.6,-3.0,6.5,-3.4,-17.7,0.5,2.554816e-07
299,95.57,-0.4,359.34,1.696e-07,122.7,-3.0,4.2,-3.4,-16.7,0.5,2.557568e-07
300,95.47,-0.4,359.34,1.72e-07,122.8,-3.0,6.5,-3.5,-16.4,0.9,2.48024e-07
301,95.37,-0.4,359.34,1.745e-07,122.9,-2.9,6.1,-3.6,-15.7,1.1,2.6052850000000003e-07
302,95.27,-0.4,359.34,1.77e-07,122.9,-2.9,5.2,-3.7,-13.1,1.0,2.68332e-07
303,95.17,-0.4,359.34,1.795e-07,123.0,-2.9,7.3,-3.8,-13.2,1.1,2.66019e-07
304,95.07,-0.4,359.34,1.821e-07,123.1,-2.8,7.0,-3.8,-15.1,0.8,2.614956e-07
305,94.97,-0.4,359.34,1.848e-07,123.2,-2.8,9.3,-3.9,-14.4,1.1,2.692536e-07
306,94.87,-0.4,359.34,1.874e-07,123.2,-2.8,7.1,-4.0,-12.3,1.2,2.936558e-07
307,94.77,-0.4,359.34,1.901e-07,123.3,-2.7,7.7,-4.1,-11.8,0.6,2.9066289999999997e-07
308,94.67,-0.4,359.34,1.928e-07,123.4,-2.7,6.5,-4.2,-11.2,0.8,3.052024e-07
309,94.57,-0.4,359.34,1.956e-07,123.5,-2.7,4.9,-4.2,-11.2,0.7,3.057228e-07
310,94.47,-0.4,359.34,1.984e-07,123.5,-2.6,3.5,-4.3,-14.8,0.8,3.192256e-07
311,94.37,-0.4,359.34,2.013e-07,123.6,-2.6,5.6,-4.4,-13.5,0.7,3.2087220000000003e-07
312,94.27,-0.4,359.34,2.042e-07,123.7,-2.6,9.0,-4.5,-11.6,0.6,3.063e-07
313,94.17,-0.4,359.34,2.071e-07,123.8,-2.5,9.9,-4.6,-14.3,0.2,3.089932e-07
314,94.07,-0.4,359.34,2.101e-07,123.8,-2.5,16.1,-4.6,-11.7,0.3,3.220833e-07
315,93.97,-0.4,359.34,2.131e-07,123.9,-2.5,13.8,-4.7,-12.7,0.8,3.251906e-07
316,93.87,-0.4,359.34,2.162e-07,124.0,-2.4,13.4,-4.8,-11.7,0.7,3.4267699999999997e-07
317,93.77,-0.4,359.34,2.193e-07,124.1,-2.4,12.8,-4.9,-12.0,0.0,3.322395e-07
318,93.67,-0.4,359.34,2.23e-07,124.1,-2.4,12.3,-4.9,-13.2,-0.2,3.26695e-07
319,93.57,-0.4,359.34,2.267e-07,124.2,-2.3,10.5,-4.9,-12.4,-0.6,3.2939510000000004e-07
320,93.47,-0.4,359.34,2.305e-07,124.2,-2.3,9.4,-5.0,-10.8,-0.4,3.339945e-07
321,93.37,-0.4,359.34,2.344e-07,124.3,-2.3,7.9,-5.0,-9.9,0.1,3.438648e-07
322,93.27,-0.4,359.34,2.383e-07,124.4,-2.2,8.9,-5.1,-10.2,0.4,3.512542e-07
323,93.17,-0.4,359.34,2.423e-07,124.4,-2.2,8.8,-5.1,-8.5,1.1,3.663576e-07
324,93.07,-0.4,359.34,2.463e-07,124.5,-2.2,9.7,-5.1,-12.1,1.5,3.8201129999999997e-07
325,92.97,-0.4,359.34,2.505e-07,124.5,-2.2,9.5,-5.2,-15.2,1.2,3.9052950000000003e-07
326,92.87,-0.4,359.34,2.547e-07,124.6,-2.1,7.8,-5.2,-15.6,0.7,3.9784140000000007e-07
327,92.77,-0.4,359.34,2.589e-07,124.7,-2.1,7.6,-5.2,-14.2,0.8,4.0440180000000007e-07
328,92.67,-0.4,359.34,2.633e-07,124.7,-2.1,6.8,-5.3,-15.3,1.1,4.1153789999999994e-07
329,92.57,-0.4,359.34,2.677e-07,124.8,-2.0,6.2,-5.3,-18.0,1.2,4.2537529999999996e-07
330,92.47,-0.4,359.34,2.722e-07,124.8,-2.0,5.9,-5.4,-20.1,1.1,4.4123620000000003e-07
331,92.37,-0.4,359.34,2.767e-07,124.9,-2.0,7.7,-5.4,-20.6,1.6,4.4410349999999995e-07
332,92.27,-0.4,359.34,2.814e-07,125.0,-2.0,9.8,-5.4,-20.5,1.9,4.3729560000000006e-07
333,92.17,-0.4,359.34,2.861e-07,125.0,-1.9,9.4,-5.5,-18.1,1.7,4.4746040000000003e-07
334,92.07,-0.4,359.34,2.909e-07,125.1,-1.9,9.9,-5.5,-17.7,2.3,4.607856e-07
335,91.97,-0.4,359.34,2.958e-07,125.2,-1.9,7.5,-5.5,-17.3,2.5,4.64406e-07
336,91.87,-0.4,359.34,3.007e-07,125.2,-1.8,6.5,-5.6,-16.3,2.2,4.6668639999999997e-07
337,91.77,-0.4,359.34,3.058e-07,125.3,-1.8,5.1,-5.6,-16.0,2.3,4.651218e-07
338,91.67,-0.4,359.34,3.109e-07,125.3,-1.8,7.1,-5.6,-16.4,1.7,4.707026e-07
339,91.57,-0.4,359.34,3.161e-07,125.4,-1.8,7.6,-5.7,-17.3,1.2,4.795236999999999e-07
340,91.47,-0.4,359.34,3.214e-07,125.5,-1.7,6.1,-5.7,-19.6,1.5,4.959202e-07
341,91.37,-0.4,359.34,3.268e-07,125.5,-1.7,10.3,-5.8,-20.9,1.5,5.284356e-07
342,91.27,-0.4,359.34,3.323e-07,125.6,-1.7,9.5,-5.8,-22.7,1.1,5.237048e-07
343,91.17,-0.4,359.34,3.378e-07,125.6,-1.6,6.6,-5.8,-22.5,1.2,5.323728000000001e-07
344,91.07,-0.4,359.34,3.435e-07,125.7,-1.6,4.9,-5.9,-22.7,0.3,5.341425e-07
345,90.97,-0.4,359.34,3.493e-07,125.8,-1.6,3.8,-5.9,-22.1,0.6,5.298880999999999e-07
346,90.87,-0.4,359.34,3.551e-07,125.8,-1.5,5.0,-5.9,-19.6,0.8,5.312296e-07
347,90.77,-0.4,359.34,3.611e-07,125.9,-1.5,6.4,-6.0,-20.6,1.0,5.384001e-07
348,90.67,-0.4,359.34,3.671e-07,125.9,-1.5,8.0,-6.0,-20.8,0.8,5.447764e-07
349,90.57,-0.4,359.34,3.733e-07,126.0,-1.5,8.0,-6.1,-17.8,0.5,5.438981e-07
350,90.47,-0.4,359.34,3.795e-07,126.1,-1.4,9.1,-6.1,-18.0,-0.0,5.71527e-07
351,90.37,-0.4,359.34,3.859e-07,126.1,-1.4,11.8,-6.1,-19.2,-0.1,6.104938e-07
352,90.27,-0.4,359.34,3.924e-07,126.2,-1.4,11.3,-6.2,-14.5,-0.5,6.16068e-07
353,90.17,-0.4,359.34,3.99e-07,126.2,-1.3,11.2,-6.2,-14.8,-0.6,6.25632e-07
354,90.07,-0.4,359.34,4.057e-07,126.3,-1.3,12.1,-6.2,-16.8,-1.0,6.41006e-07
355,89.97,-0.4,359.34,4.125e-07,126.4,-1.3,9.8,-6.3,-17.6,-1.4,6.455625e-07
356,89.87,-0.4,359.34,4.194e-07,126.4,-1.3,7.3,-6.3,-16.6,-1.1,6.660072e-07
357,89.77,-0.4,359.34,4.264e-07,126.5,-1.2,8.7,-6.3,-15.9,-0.6,6.860776e-07
358,89.67,-0.4,359.34,4.336e-07,126.5,-1.2,8.4,-6.4,-14.3,-0.1,6.911584e-07
359,89.57,-0.4,359.34,4.408e-07,126.6,-1.2,8.4,-6.4,-15.6,1.0,6.999904e-07
360,89.47,-0.4,359.34,4.482e-07,126.7,-1.1,7.2,-6.5,-15.1,1.2,6.861941999999999e-07
361,89.37,-0.4,359.34,4.557e-07,126.7,-1.1,8.0,-6.5,-16.3,1.6,7.004108999999999e-07
362,89.27,-0.4,359.34,4.634e-07,126.8,-1.1,6.8,-6.5,-16.1,1.2,7.488544e-07
363,89.17,-0.4,359.34,4.711e-07,126.9,-1.0,6.5,-6.6,-15.1,1.4,7.824971e-07
364,89.07,-0.4,359.34,4.79e-07,126.9,-1.0,7.1,-6.6,-15.0,1.5,7.98493e-07
365,88.97,-0.4,359.34,4.871e-07,127.0,-1.0,6.9,-6.6,-15.0,1.4,8.095601999999999e-07
366,88.87,-0.4,359.34,4.953e-07,127.0,-1.0,7.7,-6.7,-14.4,1.5,8.375523000000001e-07
367,88.77,-0.4,359.34,5.036e-07,127.1,-0.9,10.0,-6.7,-15.4,2.2,8.551128e-07
368,88.67,-0.4,359.34,5.163e-07,127.2,-0.9,9.0,-6.7,-10.7,2.3,8.658351000000001e-07
369,88.57,-0.4,359.34,5.293e-07,127.3,-0.9,9.5,-6.7,-7.1,2.8,8.865774999999999e-07
370,88.47,-0.4,359.34,5.426e-07,127.4,-0.9,9.8,-6.7,-6.1,3.1,8.936622e-07
371,88.37,-0.4,359.34,5.563e-07,127.4,-0.9,8.3,-6.7,-9.9,3.4,8.939740999999999e-07
372,88.27,-0.4,359.34,5.704e-07,127.5,-0.9,5.9,-6.7,-7.2,3.4,9.200552e-07
373,88.17,-0.4,359.34,5.848e-07,127.6,-0.9,8.5,-6.7,-7.9,3.5,9.526392e-07
374,88.07,-0.4,359.34,5.995e-07,127.7,-0.9,7.8,-6.7,-9.7,3.3,9.717895e-07
375,87.97,-0.4,359.35,6.146e-07,127.8,-0.9,12.4,-6.7,-8.5,2.7,9.759848e-07
376,87.87,-0.4,359.35,6.301e-07,127.9,-0.9,12.2,-6.6,-8.6,3.0,9.791754e-07
377,87.77,-0.4,359.35,6.46e-07,128.0,-0.9,13.0,-6.6,-8.1,3.2,1.0051760000000001e-06
378,87.67,-0.4,359.35,6.623e-07,128.1,-0.9,12.4,-6.6,-4.6,3.6,1.0782244e-06
379,87.57,-0.4,359.35,6.791e-07,128.2,-0.9,10.3,-6.6,-3.8,3.6,1.100142e-06
380,87.47,-0.4,359.35,6.962e-07,128.2,-0.9,8.7,-6.6,-4.0,3.1,1.162654e-06
381,87.37,-0.4,359.35,7.138e-07,128.3,-0.9,9.8,-6.6,-6.4,3.3,1.1577836000000002e-06
382,87.27,-0.4,359.35,7.318e-07,128.4,-0.9,8.1,-6.6,-3.4,3.7,1.1774662e-06
383,87.17,-0.4,359.35,7.502e-07,128.5,-0.9,8.8,-6.6,-6.8,4.1,1.1883168e-06
384,87.07,-0.4,359.35,7.692e-07,128.6,-0.9,8.5,-6.6,-5.0,4.9,1.1899524e-06
385,86.97,-0.4,359.35,7.886e-07,128.7,-0.9,9.2,-6.6,-5.7,5.1,1.210501e-06
386,86.87,-0.4,359.35,8.085e-07,128.8,-0.9,12.0,-6.6,-7.4,5.4,1.240239e-06
387,86.77,-0.4,359.35,8.289e-07,128.9,-0.9,11.0,-6.6,-7.6,5.6,1.2673881e-06
388,86.67,-0.4,359.35,8.498e-07,129.0,-0.9,13.0,-6.6,-8.3,4.9,1.2611032e-06
389,86.57,-0.4,359.35,8.712e-07,129.0,-0.9,12.7,-6.5,-9.7,5.2,1.3102848e-06
390,86.47,-0.4,359.35,8.932e-07,129.1,-0.9,13.6,-6.5,-11.2,5.3,1.326402e-06
391,86.37,-0.4,359.35,9.158e-07,129.2,-0.9,13.1,-6.5,-11.2,5.3,1.3205836e-06
392,86.27,-0.4,359.35,9.389e-07,129.3,-0.9,12.3,-6.5,-11.1,5.4,1.3510771e-06
393,86.17,-0.4,359.35,9.626e-07,129.4,-0.9,11.7,-6.5,-12.5,5.4,1.3649667999999997e-06
394,86.07,-0.4,359.35,9.869e-07,129.5,-0.9,12.2,-6.5,-14.3,5.6,1.4300181e-06
395,85.97,-0.4,359.35,1.012e-06,129.6,-0.9,13.1,-6.5,-14.3,5.7,1.4765080000000002e-06
396,85.87,-0.4,359.35,1.037e-06,129.7,-0.9,15.1,-6.5,-14.6,6.0,1.4932799999999998e-06
397,85.77,-0.4,359.35,1.064e-06,129.8,-0.9,16.7,-6.5,-12.3,6.5,1.5736560000000003e-06
398,85.67,-0.4,359.35,1.09e-06,129.8,-0.9,18.0,-6.5,-13.8,6.4,1.6513499999999999e-06
399,85.57,-0.4,359.35,1.118e-06,129.9,-0.9,16.4,-6.5,-13.8,6.9,1.748552e-06
400,85.47,-0.4,359.35,1.146e-06,130.0,-0.9,16.8,-6.5,-13.6,6.9,1.7614019999999998e-06
401,85.37,-0.4,359.35,1.175e-06,130.1,-0.9,19.9,-6.5,-11.2,6.4,1.7989249999999999e-06
402,85.27,-0.4,359.35,1.205e-06,130.2,-0.9,18.7,-6.4,-11.5,6.4,1.8496749999999998e-06
403,85.17,-0.4,359.35,1.235e-06,130.3,-0.9,18.7,-6.4,-10.6,6.8,1.9019000000000002e-06
404,85.07,-0.4,359.35,1.266e-06,130.4,-0.9,20.4,-6.4,-10.6,6.2,1.906596e-06
405,84.97,-0.4,359.35,1.298e-06,130.5,-0.9,18.2,-6.4,-11.8,6.6,1.958682e-06
406,84.87,-0.4,359.35,1.331e-06,130.6,-0.9,17.1,-6.4,-12.3,6.5,2.008479e-06
407,84.77,-0.4,359.35,1.365e-06,130.6,-0.9,17.5,-6.4,-9.7,6.2,2.04477e-06
408,84.67,-0.4,359.35,1.399e-06,130.7,-0.9,17.5,-6.4,-11.4,5.9,2.08451e-06
409,84.57,-0.4,359.35,1.434e-06,130.8,-0.9,19.0,-6.4,-11.3,6.0,2.090772e-06
410,84.47,-0.4,359.35,1.471e-06,130.9,-0.9,21.8,-6.4,-11.3,5.8,2.1064719999999997e-06
411,84.37,-0.4,359.35,1.508e-06,131.0,-0.9,21.0,-6.4,-11.2,6.5,2.173028e-06
412,84.27,-0.4,359.35,1.546e-06,131.1,-0.9,21.1,-6.4,-10.4,7.0,2.2417e-06
413,84.17,-0.4,359.35,1.585e-06,131.2,-0.9,20.8,-6.4,-10.1,6.4,2.32361e-06
414,84.07,-0.4,359.35,1.625e-06,131.3,-0.9,19.4,-6.4,-6.2,6.2,2.4277499999999998e-06
415,83.97,-0.4,359.35,1.666e-06,131.4,-0.9,17.5,-6.4,-3.8,6.2,2.484006e-06
416,83.87,-0.4,359.35,1.708e-06,131.4,-0.9,16.4,-6.3,-4.7,5.8,2.532964e-06
417,83.77,-0.4,359.35,1.751e-06,131.5,-0.9,15.6,-6.3,-3.8,5.6,2.6860340000000003e-06
418,83.67,-0.4,359.35,1.77e-06,131.4,-0.5,16.7,-6.0,-5.0,5.5,2.60898e-06
419,83.57,-0.4,359.35,1.789e-06,131.2,-0.1,14.4,-5.7,-1.9,5.7,2.5725819999999997e-06
420,83.47,-0.4,359.35,1.808e-06,131.1,0.3,16.1,-5.4,-4.5,5.3,2.592672e-06
421,83.37,-0.4,359.35,1.828e-06,130.9,0.7,20.2,-5.1,-4.0,5.5,2.553716e-06
422,83.27,-0.4,359.35,1.847e-06,130.8,1.1,18.7,-4.8,-2.3,6.1,2.571024e-06
423,83.17,-0.4,359.35,1.867e-06,130.6,1.5,21.1,-4.5,1.2,6.2,2.6044650000000003e-06
424,83.07,-0.4,359.35,1.887e-06,130.5,1.9,20.9,-4.1,4.9,6.2,2.662557e-06
425,82.97,-0.4,359.35,1.908e-06,130.3,2.3,22.8,-3.8,2.6,6.1,2.7456120000000004e-06
426,82.87,-0.4,359.35,1.928e-06,130.2,2.7,23.6,-3.5,2.7,6.3,2.826448e-06
427,82.77,-0.4,359.35,1.949e-06,130.0,3.0,23.4,-3.2,2.9,6.3,2.76758e-06
428,82.67,-0.4,359.35,1.97e-06,129.9,3.4,21.4,-2.9,4.6,6.1,2.8781700000000003e-06
429,82.57,-0.4,359.35,1.991e-06,129.7,3.8,22.1,-2.6,4.8,5.8,2.878986e-06
430,82.47,-0.4,359.35,2.013e-06,129.6,4.2,22.7,-2.3,4.2,6.1,2.87859e-06
431,82.37,-0.4,359.35,2.034e-06,129.4,4.6,19.4,-1.9,4.2,6.4,2.9493e-06
432,82.27,-0.4,359.35,2.056e-06,129.3,5.0,21.0,-1.6,5.8,6.4,2.956528e-06
433,82.17,-0.4,359.35,2.078e-06,129.2,5.4,21.9,-1.3,5.4,6.6,3.0193339999999997e-06
434,82.07,-0.4,359.35,2.101e-06,129.0,5.8,20.3,-1.0,5.8,6.6,3.056955e-06
435,81.97,-0.4,359.35,2.123e-06,128.9,6.2,20.3,-0.7,7.1,6.3,3.065612e-06
436,81.87,-0.4,359.35,2.146e-06,128.7,6.6,19.1,-0.4,5.8,6.3,2.9915239999999995e-06
437,81.77,-0.4,359.35,2.169e-06,128.6,7.0,19.1,-0.1,3.7,6.2,3.069135e-06
438,81.67,-0.4,359.35,2.193e-06,128.4,7.4,19.9,0.3,2.5,6.1,3.142569e-06
439,81.57,-0.4,359.35,2.216e-06,128.3,7.8,21.1,0.6,3.6,6.1,3.122344e-06
440,81.47,-0.4,359.35,2.24e-06,128.1,8.1,22.6,0.9,6.5,5.9,3.09344e-06
441,81.37,-0.4,359.35,2.264e-06,128.0,8.5,20.7,1.2,8.3,6.1,3.1220559999999998e-06
442,81.27,-0.4,359.35,2.289e-06,127.8,8.9,21.4,1.5,7.6,6.0,3.0993060000000003e-06
443,81.17,-0.4,359.35,2.314e-06,127.7,9.3,17.6,1.8,5.1,6.5,3.1586100000000004e-06
444,81.07,-0.4,359.35,2.339e-06,127.5,9.7,15.8,2.1,5.9,6.2,3.1482940000000003e-06
445,80.97,-0.4,359.35,2.364e-06,127.4,10.1,16.3,2.4,6.6,6.7,3.2363160000000003e-06
446,80.87,-0.4,359.35,2.389e-06,127.2,10.5,17.1,2.8,9.0,6.8,3.239484e-06
447,80.77,-0.4,359.35,2.415e-06,127.1,10.9,19.0,3.1,8.1,6.5,3.199875e-06
448,80.67,-0.4,359.35,2.441e-06,126.9,11.3,19.4,3.4,8.0,6.4,3.165977e-06
449,80.57,-0.4,359.35,2.468e-06,126.8,11.7,18.3,3.7,9.2,6.6,3.235548e-06
450,80.47,-0.4,359.35,2.494e-06,126.6,12.1,19.1,4.0,8.7,6.7,3.2272360000000004e-06
451,80.37,-0.4,359.35,2.521e-06,126.5,12.5,17.7,4.3,8.5,6.3,3.231922e-06
452,80.27,-0.4,359.35,2.549e-06,126.3,12.8,17.7,4.6,10.1,5.9,3.326445e-06
453,80.17,-0.4,359.35,2.576e-06,126.2,13.2,18.4,5.0,12.5,5.6,3.3204639999999997e-06
454,80.07,-0.4,359.35,2.604e-06,126.0,13.6,19.8,5.3,11.1,5.4,3.3513479999999996e-06
455,79.97,-0.4,359.35,2.632e-06,125.9,14.0,21.6,5.6,12.5,5.4,3.4137039999999997e-06
456,79.87,-0.4,359.35,2.661e-06,125.7,14.4,20.7,5.9,12.3,4.9,3.40608e-06
457,79.77,-0.4,359.35,2.689e-06,125.6,14.8,23.2,6.2,13.0,4.5,3.369317e-06
458,79.67,-0.4,359.35,2.718e-06,125.4,15.2,25.2,6.5,13.9,4.6,3.3893460000000003e-06
459,79.57,-0.4,359.35,2.748e-06,125.3,15.6,25.8,6.8,14.0,4.7,3.3553080000000005e-06
460,79.47,-0.4,359.35,2.778e-06,125.1,16.0,26.6,7.2,16.3,4.5,3.4363860000000003e-06
461,79.37,-0.4,359.35,2.808e-06,125.0,16.4,24.8,7.5,16.9,4.3,3.59424e-06
462,79.27,-0.4,359.35,2.838e-06,124.8,16.8,26.6,7.8,16.4,3.9,3.60426e-06
463,79.17,-0.4,359.35,2.869e-06,124.7,17.2,24.7,8.1,17.7,4.1,3.6178089999999995e-06
464,79.07,-0.4,359.35,2.9e-06,124.5,17.6,25.4,8.4,17.7,4.2,3.5699000000000003e-06
465,78.97,-0.4,359.36,2.931e-06,124.4,17.9,24.5,8.7,20.1,4.0,3.602199e-06
466,78.87,-0.4,359.36,2.963e-06,124.2,18.3,24.0,9.0,16.9,3.5,3.499303e-06
467,78.77,-0.4,359.36,2.995e-06,124.1,18.7,23.8,9.3,16.7,3.5,3.525115e-06
468,78.67,-0.4,359.36,3.028e-06,123.9,19.1,22.4,9.7,16.2,3.3,3.46706e-06
469,78.57,-0.4,359.36,3.06e-06,123.8,19.5,23.3,10.0,14.8,3.3,3.60468e-06
470,78.47,-0.4,359.36,3.094e-06,123.6,19.9,25.5,10.3,14.9,3.2,3.6694839999999997e-06
471,78.37,-0.4,359.36,3.127e-06,123.5,20.3,24.4,10.6,11.7,2.9,3.624193e-06
472,78.27,-0.4,359.36,3.161e-06,123.3,20.7,27.1,10.9,14.7,2.7,3.707853e-06
473,78.17,-0.4,359.36,3.195e-06,123.2,21.1,26.5,11.2,16.2,2.8,3.6486899999999996e-06
474,78.07,-0.4,359.36,3.23e-06,123.0,21.5,25.9,11.5,16.7,2.5,3.62729e-06
475,77.97,-0.4,359.36,3.265e-06,122.9,21.9,27.0,11.9,14.1,2.9,3.692715e-06
476,77.87,-0.4,359.36,3.3e-06,122.7,22.3,26.7,12.2,13.4,3.0,3.6927000000000002e-06
477,77.77,-0.4,359.36,3.336e-06,122.6,22.6,27.3,12.5,15.2,2.6,3.873096e-06
478,77.67,-0.4,359.36,3.372e-06,122.5,23.0,26.8,12.8,15.3,3.2,3.9384959999999995e-06
479,77.57,-0.4,359.36,3.409e-06,122.3,23.4,29.5,13.1,14.8,3.3,3.937395e-06
480,77.47,-0.4,359.36,3.446e-06,122.2,23.8,28.7,13.4,13.5,3.3,3.921548e-06
481,77.37,-0.4,359.36,3.483e-06,122.0,24.2,28.2,13.7,13.9,3.4,3.9984839999999995e-06
482,77.27,-0.4,359.36,3.521e-06,121.9,24.6,28.8,14.1,11.9,3.3,4.059713e-06
483,77.17,-0.4,359.36,3.56e-06,121.7,25.0,29.4,14.4,10.6,4.0,4.22216e-06
484,77.07,-0.4,359.36,3.598e-06,121.6,25.4,30.0,14.7,9.8,4.0,4.231248e-06
485,76.97,-0.4,359.36,3.637e-06,121.4,25.8,30.1,15.0,14.1,3.9,4.357126e-06
486,76.87,-0.4,359.36,3.677e-06,121.3,26.2,28.2,15.3,13.4,4.2,4.530064e-06
487,76.77,-0.4,359.36,3.717e-06,121.1,26.6,27.7,15.6,14.1,4.4,4.519872e-06
488,76.67,-0.4,359.36,3.757e-06,121.0,27.0,27.9,15.9,13.9,4.4,4.504643e-06
489,76.57,-0.4,359.36,3.798e-06,120.8,27.4,28.2,16.2,12.4,4.1,4.53861e-06
490,76.47,-0.4,359.36,3.839e-06,120.7,27.7,27.0,16.6,10.0,3.8,4.6336730000000005e-06
491,76.37,-0.4,359.36,3.881e-06,120.5,28.1,26.0,16.9,10.0,3.6,4.746463e-06
492,76.27,-0.4,359.36,3.923e-06,120.4,28.5,26.8,17.2,11.3,3.5,4.837059000000001e-06
493,76.17,-0.4,359.36,3.966e-06,120.2,28.9,25.8,17.5,12.6,3.4,5.0368199999999995e-06
494,76.07,-0.4,359.36,4.009e-06,120.1,29.3,28.0,17.8,14.0,3.3,5.027286e-06
495,75.97,-0.4,359.36,4.053e-06,119.9,29.7,29.0,18.1,14.5,2.9,5.102727e-06
496,75.87,-0.4,359.36,4.097e-06,119.8,30.1,31.0,18.4,16.1,3.3,5.1376379999999995e-06
497,75.77,-0.4,359.36,4.142e-06,119.6,30.5,33.5,18.8,16.3,3.2,5.202352000000001e-06
498,75.67,-0.4,359.36,4.187e-06,119.5,30.9,32.5,19.1,17.2,2.9,5.133262e-06
499,75.57,-0.4,359.36,4.232e-06,119.3,31.3,32.3,19.4,16.0,2.9,5.027616e-06
500,75.47,-0.4,359.36,4.279e-06,119.2,31.7,32.7,19.7,18.7,2.9,5.228938e-06
501,75.37,-0.4,359.36,4.325e-06,119.0,32.1,32.3,20.0,19.0,2.9,5.2765e-06
502,75.27,-0.4,359.36,4.372e-06,118.9,32.4,33.5,20.3,21.3,2.7,5.132727999999999e-06
503,75.17,-0.4,359.36,4.42e-06,118.7,32.8,35.2,20.6,20.9,3.2,5.2598e-06
504,75.07,-0.4,359.36,4.468e-06,118.6,33.2,33.8,21.0,21.4,3.1,5.187348000000001e-06
505,74.97,-0.4,359.36,4.998e-06,118.5,33.3,34.6,21.1,22.7,3.3,5.92263e-06
506,74.87,-0.4,359.36,5.081e-06,118.6,32.6,33.0,20.6,22.1,3.3,5.99558e-06
507,74.77,-0.4,359.36,5.166e-06,118.6,32.0,31.8,20.2,22.7,3.4,6.054552e-06
508,74.67,-0.4,359.36,5.252e-06,118.7,31.3,32.1,19.8,22.5,3.1,6.465212000000001e-06
509,74.57,-0.4,359.36,5.339e-06,118.8,30.6,29.2,19.4,22.4,2.9,6.497563000000001e-06
510,74.47,-0.4,359.36,5.428e-06,118.9,30.0,32.4,18.9,21.2,3.0,6.703580000000001e-06
511,74.37,-0.4,359.36,5.518e-06,118.9,29.3,30.9,18.5,21.7,3.2,6.720924e-06
512,74.27,-0.4,359.36,5.61e-06,119.0,28.6,32.3,18.1,18.9,3.5,6.61419e-06
513,74.17,-0.4,359.36,5.704e-06,119.1,27.9,30.6,17.7,19.7,3.4,6.5596e-06
514,74.07,-0.4,359.36,5.799e-06,119.2,27.3,30.3,17.2,21.8,3.0,6.320910000000001e-06
515,73.97,-0.4,359.36,5.895e-06,119.2,26.6,29.5,16.8,18.0,3.6,6.325335e-06
516,73.87,-0.4,359.36,5.993e-06,119.3,25.9,29.3,16.4,18.1,3.4,6.3765520000000004e-06
517,73.77,-0.4,359.36,6.093e-06,119.4,25.3,30.0,16.0,19.1,3.3,6.738858e-06
518,73.67,-0.4,359.36,6.195e-06,119.5,24.6,30.0,15.6,19.5,3.8,6.820695e-06
519,73.57,-0.4,359.36,6.298e-06,119.5,23.9,28.7,15.1,20.3,3.4,6.852224e-06
520,73.47,-0.4,359.36,6.403e-06,119.6,23.3,28.8,14.7,18.9,3.5,6.979270000000001e-06
521,73.37,-0.4,359.36,6.509e-06,119.7,22.6,26.9,14.3,21.4,4.1,7.159900000000001e-06
522,73.27,-0.4,359.36,6.618e-06,119.7,21.9,27.4,13.9,21.2,3.6,7.359216000000001e-06
523,73.17,-0.4,359.36,6.728e-06,119.8,21.2,25.8,13.4,21.5,3.3,7.602639999999999e-06
524,73.07,-0.4,359.36,6.84e-06,119.9,20.6,24.7,13.0,17.8,3.2,7.893359999999999e-06
525,72.97,-0.4,359.36,6.954e-06,120.0,19.9,24.4,12.6,17.9,3.1,7.85802e-06
526,72.87,-0.4,359.36,7.07e-06,120.0,19.2,24.1,12.2,16.1,2.5,8.03859e-06
527,72.77,-0.4,359.36,7.188e-06,120.1,18.6,23.1,11.7,14.3,2.6,7.913988e-06
528,72.67,-0.4,359.36,7.307e-06,120.2,17.9,22.0,11.3,14.2,2.8,7.811183e-06
529,72.57,-0.4,359.36,7.429e-06,120.3,17.2,21.3,10.9,15.0,2.7,8.157042000000002e-06
530,72.47,-0.4,359.36,7.553e-06,120.3,16.5,20.9,10.5,14.2,3.2,8.232770000000001e-06
531,72.37,-0.4,359.36,7.679e-06,120.4,15.9,18.8,10.1,11.6,2.6,8.623517000000001e-06
532,72.27,-0.4,359.36,7.807e-06,120.5,15.2,17.9,9.6,12.0,2.3,8.704805e-06
533,72.17,-0.4,359.36,7.937e-06,120.6,14.5,19.4,9.2,12.6,1.9,8.833881e-06
534,72.07,-0.4,359.36,8.069e-06,120.6,13.9,21.9,8.8,12.5,1.7,9.045349e-06
535,71.97,-0.4,359.36,8.203e-06,120.7,13.2,22.9,8.4,11.1,1.6,9.047908999999998e-06
536,71.87,-0.4,359.36,8.34e-06,120.8,12.5,23.2,7.9,8.1,1.6,9.3408e-06
537,71.77,-0.4,359.36,8.479e-06,120.9,11.8,21.0,7.5,8.8,1.5,9.3269e-06
538,71.67,-0.4,359.36,8.62e-06,120.9,11.2,20.9,7.1,6.3,1.5,9.62854e-06
539,71.57,-0.4,359.36,8.764e-06,121.0,10.5,20.8,6.7,8.0,0.9,9.68422e-06
540,71.47,-0.4,359.36,8.91e-06,121.1,9.8,20.3,6.2,5.6,1.2,1.0068299999999998e-05
541,71.37,-0.4,359.36,9.058e-06,121.1,9.2,20.3,5.8,4.0,1.3,1.0126844000000001e-05
542,71.27,-0.4,359.36,9.209e-06,121.2,8.5,19.2,5.4,2.9,1.4,1.0074646000000001e-05
543,71.17,-0.4,359.36,9.363e-06,121.3,7.8,17.5,5.0,4.2,1.3,1.0196307e-05
544,71.07,-0.4,359.36,9.519e-06,121.4,7.2,16.7,4.6,3.9,1.6,1.0356672e-05
545,70.97,-0.4,359.36,9.677e-06,121.4,6.5,17.0,4.1,2.8,1.7,1.0567284000000001e-05
546,70.87,-0.4,359.36,9.839e-06,121.5,5.8,16.9,3.7,2.7,1.8,1.0547408e-05
547,70.77,-0.4,359.36,1e-05,121.6,5.1,14.5,3.3,3.5,2.0,1.1030000000000001e-05
548,70.67,-0.4,359.36,1.017e-05,121.7,4.5,13.8,2.9,2.2,2.5,1.0871729999999998e-05
549,70.57,-0.4,359.36,1.034e-05,121.7,3.8,13.7,2.4,0.4,2.9,1.1156859999999999e-05
550,70.47,-0.4,359.36,1.051e-05,121.8,3.1,12.7,2.0,3.2,3.1,1.1361309999999998e-05
551,70.37,-0.4,359.36,1.069e-05,121.9,2.5,12.2,1.6,1.3,2.9,1.163072e-05
552,70.27,-0.4,359.36,1.086e-05,122.0,1.8,11.6,1.2,1.7,2.8,1.1848259999999999e-05
553,70.17,-0.4,359.36,1.105e-05,122.0,1.1,10.1,0.7,0.1,2.9,1.1790349999999998e-05
554,70.07,-0.4,359.36,1.123e-05,122.1,0.4,9.1,0.3,-1.9,3.2,1.216209e-05
555,69.97,-0.4,359.36,9.43e-06,122.3,-0.2,8.6,-0.0,-2.6,3.5,1.025984e-05
556,69.87,-0.4,359.37,9.492e-06,122.7,-0.8,8.3,-0.2,-3.8,3.2,1.0241868e-05
557,69.77,-0.4,359.37,9.554e-06,123.0,-1.3,8.3,-0.3,-4.8,3.3,1.0308766e-05
558,69.67,-0.4,359.37,9.617e-06,123.4,-1.9,8.8,-0.4,-5.1,3.5,1.0030530999999998e-05
559,69.57,-0.4,359.37,9.68e-06,123.8,-2.5,5.4,-0.6,-6.9,3.7,9.79616e-06
560,69.47,-0.4,359.37,9.744e-06,124.2,-3.1,3.8,-0.7,-4.1,3.6,1.008504e-05
561,69.37,-0.4,359.37,9.808e-06,124.6,-3.6,5.7,-0.9,-5.0,3.5,9.994351999999999e-06
562,69.27,-0.4,359.37,9.873e-06,125.0,-4.2,4.3,-1.0,-8.4,3.5,1.0119825e-05
563,69.17,-0.4,359.37,9.939e-06,125.4,-4.8,3.8,-1.2,-9.1,3.3,1.0257048e-05
564,69.07,-0.4,359.37,1e-05,125.8,-5.4,4.2,-1.3,-9.2,3.5,1.039e-05
565,68.97,-0.4,359.37,1.007e-05,126.1,-5.9,2.3,-1.4,-8.6,3.3,1.062385e-05
566,68.87,-0.4,359.37,1.014e-05,126.5,-6.5,0.9,-1.6,-8.5,3.1,1.058616e-05
567,68.77,-0.4,359.37,1.021e-05,126.9,-7.1,1.6,-1.7,-8.8,3.3,1.0434620000000001e-05
568,68.67,-0.4,359.37,1.027e-05,127.3,-7.7,-1.0,-1.9,-10.4,3.2,1.071161e-05
569,68.57,-0.4,359.37,1.034e-05,127.7,-8.2,-2.0,-2.0,-10.3,3.4,1.0515779999999999e-05
570,68.47,-0.4,359.37,1.041e-05,128.1,-8.8,-2.6,-2.2,-9.3,3.4,1.0701480000000001e-05
571,68.37,-0.4,359.37,1.048e-05,128.5,-9.4,-1.7,-2.3,-9.0,3.0,1.049048e-05
572,68.27,-0.4,359.37,1.055e-05,128.9,-10.0,-1.6,-2.4,-9.2,2.9,1.0655500000000002e-05
573,68.17,-0.4,359.37,1.062e-05,129.2,-10.5,-1.2,-2.6,-10.3,2.9,1.050318e-05
574,68.07,-0.4,359.37,1.069e-05,129.6,-11.1,-1.6,-2.7,-11.7,2.9,1.07969e-05
575,67.97,-0.4,359.37,1.077e-05,130.0,-11.7,-1.0,-2.9,-10.3,2.9,1.095309e-05
576,67.87,-0.4,359.37,1.084e-05,130.4,-12.3,-1.5,-3.0,-13.5,2.7,1.1111e-05
577,67.77,-0.4,359.37,1.091e-05,130.8,-12.8,-3.1,-3.2,-14.1,2.5,1.097546e-05
578,67.67,-0.4,359.37,1.099e-05,131.2,-13.4,-2.9,-3.3,-16.5,2.3,1.086911e-05
579,67.57,-0.4,359.37,1.106e-05,131.6,-14.0,-5.7,-3.4,-18.2,2.1,1.076138e-05
580,67.47,-0.4,359.37,1.114e-05,132.0,-14.6,-9.4,-3.6,-18.3,2.5,1.09729e-05
581,67.37,-0.4,359.37,1.121e-05,132.3,-15.1,-9.9,-3.7,-17.3,2.1,1.1736869999999999e-05
582,67.27,-0.4,359.37,1.129e-05,132.7,-15.7,-13.7,-3.9,-17.7,2.0,1.1888369999999999e-05
583,67.17,-0.4,359.37,1.136e-05,133.1,-16.3,-13.1,-4.0,-16.6,2.3,1.2143839999999998e-05
584,67.07,-0.4,359.37,1.144e-05,133.5,-16.9,-13.4,-4.2,-17.3,2.2,1.2298e-05
585,66.97,-0.4,359.37,1.152e-05,133.9,-17.4,-12.1,-4.3,-18.6,2.1,1.28448e-05
586,66.87,-0.4,359.37,1.16e-05,134.3,-18.0,-13.9,-4.4,-20.4,1.6,1.28644e-05
587,66.77,-0.4,359.37,1.168e-05,134.7,-18.6,-15.6,-4.6,-21.9,1.8,1.2579359999999999e-05
588,66.67,-0.4,359.37,1.176e-05,135.1,-19.2,-18.6,-4.7,-20.8,1.7,1.253616e-05
589,66.57,-0.4,359.37,1.184e-05,135.4,-19.7,-18.1,-4.9,-20.9,1.9,1.26096e-05
590,66.47,-0.4,359.37,1.192e-05,135.8,-20.3,-16.3,-5.0,-16.6,1.8,1.2575599999999999e-05
591,66.37,-0.4,359.37,1.2e-05,136.2,-20.9,-15.9,-5.2,-18.2,1.7,1.2744e-05
592,66.27,-0.4,359.37,1.208e-05,136.6,-21.5,-15.3,-5.3,-19.2,1.3,1.28048e-05
593,66.17,-0.4,359.37,1.217e-05,137.0,-22.0,-17.2,-5.4,-20.1,1.3,1.31436e-05
594,66.07,-0.4,359.37,1.225e-05,137.4,-22.6,-20.2,-5.6,-21.6,1.3,1.336475e-05
595,65.97,-0.4,359.37,1.234e-05,137.8,-23.2,-19.8,-5.7,-22.3,1.4,1.343826e-05
596,65.87,-0.4,359.37,1.242e-05,138.2,-23.8,-21.4,-5.9,-21.8,1.4,1.379862e-05
597,65.77,-0.4,359.37,1.251e-05,138.5,-24.3,-22.5,-6.0,-23.7,1.7,1.423638e-05
598,65.67,-0.4,359.37,1.259e-05,138.9,-24.9,-23.4,-6.2,-23.8,1.7,1.420152e-05
599,65.57,-0.4,359.37,1.268e-05,139.3,-25.5,-23.3,-6.3,-21.7,1.7,1.3897280000000002e-05
600,65.47,-0.4,359.37,1.277e-05,139.7,-26.1,-24.3,-6.4,-18.9,1.2,1.421301e-05
601,65.37,-0.4,359.37,1.286e-05,140.1,-26.6,-27.2,-6.6,-17.8,1.2,1.4390340000000001e-05
602,65.27,-0.4,359.37,1.295e-05,140.5,-27.2,-28.4,-6.7,-17.7,1.1,1.4685299999999998e-05
603,65.17,-0.4,359.37,1.304e-05,140.9,-27.8,-28.4,-6.9,-20.0,1.3,1.4826480000000001e-05
604,65.07,-0.4,359.37,1.313e-05,141.3,-28.4,-29.6,-7.0,-20.9,1.4,1.4915679999999999e-05
605,64.97,-0.4,359.37,1.308e-05,141.6,-28.7,-28.3,-7.3,-19.9,1.2,1.500276e-05
606,64.87,-0.4,359.37,1.315e-05,141.8,-28.6,-28.3,-8.0,-19.2,1.0,1.495155e-05
607,64.77,-0.4,359.37,1.323e-05,142.0,-28.4,-27.0,-8.7,-19.9,0.6,1.505574e-05
608,64.67,-0.4,359.37,1.33e-05,142.3,-28.2,-25.8,-9.4,-20.0,0.3,1.5108799999999998e-05
609,64.57,-0.4,359.37,1.338e-05,142.5,-28.0,-26.0,-10.1,-22.7,0.1,1.4771520000000002e-05
610,64.47,-0.4,359.37,1.345e-05,142.7,-27.8,-25.7,-10.8,-24.7,0.3,1.4485649999999999e-05
611,64.37,-0.4,359.37,1.353e-05,142.9,-27.7,-28.0,-11.5,-23.0,0.0,1.496418e-05
612,64.27,-0.4,359.37,1.36e-05,143.1,-27.5,-28.1,-12.2,-23.2,-0.1,1.52592e-05
613,64.17,-0.4,359.37,1.368e-05,143.4,-27.3,-28.1,-13.0,-23.4,0.1,1.5431039999999998e-05
614,64.07,-0.4,359.37,1.376e-05,143.6,-27.1,-29.6,-13.7,-25.3,-0.5,1.6057920000000002e-05
615,63.97,-0.4,359.37,1.384e-05,143.8,-27.0,-28.1,-14.4,-23.5,-0.1,1.599904e-05
616,63.87,-0.4,359.37,1.391e-05,144.0,-26.8,-29.9,-15.1,-25.7,-0.2,1.607996e-05
617,63.77,-0.4,359.37,1.399e-05,144.2,-26.6,-30.1,-15.8,-25.3,-0.4,1.6172439999999997e-05
618,63.67,-0.4,359.37,1.407e-05,144.5,-26.4,-28.4,-16.5,-25.8,-0.5,1.633527e-05
619,63.57,-0.4,359.37,1.415e-05,144.7,-26.3,-26.9,-17.2,-25.2,-0.6,1.6470599999999998e-05
620,63.47,-0.4,359.37,1.423e-05,144.9,-26.1,-26.2,-17.9,-27.6,-0.4,1.6535259999999998e-05
621,63.37,-0.4,359.37,1.431e-05,145.1,-25.9,-25.5,-18.6,-30.0,-0.1,1.651374e-05
622,63.27,-0.4,359.37,1.439e-05,145.3,-25.7,-26.0,-19.3,-29.5,-0.6,1.690825e-05
623,63.17,-0.4,359.37,1.448e-05,145.6,-25.5,-23.6,-20.0,-29.9,-0.5,1.6825759999999998e-05
624,63.07,-0.4,359.37,1.456e-05,145.8,-25.4,-25.6,-20.7,-29.6,-0.1,1.72536e-05
625,62.97,-0.4,359.37,1.464e-05,146.0,-25.2,-25.9,-21.4,-29.3,-0.1,1.730448e-05
626,62.87,-0.4,359.37,1.472e-05,146.2,-25.0,-24.6,-22.1,-29.7,-0.7,1.750208e-05
627,62.77,-0.4,359.37,1.481e-05,146.4,-24.8,-24.4,-22.8,-29.5,-0.7,1.79201e-05
628,62.67,-0.4,359.37,1.489e-05,146.7,-24.7,-25.9,-23.5,-31.0,-0.2,1.791267e-05
629,62.57,-0.4,359.37,1.498e-05,146.9,-24.5,-26.0,-24.2,-29.8,0.4,1.794604e-05
630,62.47,-0.4,359.37,1.506e-05,147.1,-24.3,-26.6,-24.9,-32.8,-0.2,1.7815980000000002e-05
631,62.37,-0.4,359.37,1.515e-05,147.3,-24.1,-25.5,-25.6,-32.6,-0.5,1.76346e-05
632,62.27,-0.4,359.37,1.523e-05,147.5,-24.0,-24.2,-26.3,-33.2,-0.8,1.7758179999999997e-05
633,62.17,-0.4,359.37,1.532e-05,147.8,-23.8,-21.9,-27.0,-30.9,-0.9,1.757204e-05
634,62.07,-0.4,359.37,1.541e-05,148.0,-23.6,-21.1,-27.7,-30.7,-1.2,1.789101e-05
635,61.97,-0.4,359.37,1.55e-05,148.2,-23.4,-19.7,-28.4,-31.2,-1.0,1.75305e-05
636,61.87,-0.4,359.37,1.559e-05,148.4,-23.2,-21.2,-29.1,-30.6,-0.7,1.774142e-05
637,61.77,-0.4,359.37,1.567e-05,148.6,-23.1,-21.6,-29.8,-31.7,-0.7,1.811452e-05
638,61.67,-0.4,359.37,1.576e-05,148.9,-22.9,-22.7,-30.6,-33.6,-0.2,1.806096e-05
639,61.57,-0.4,359.37,1.585e-05,149.1,-22.7,-21.6,-31.3,-36.5,-0.4,1.843355e-05
640,61.47,-0.4,359.37,1.594e-05,149.3,-22.5,-22.0,-32.0,-37.9,-0.4,1.847446e-05
641,61.37,-0.4,359.37,1.604e-05,149.5,-22.4,-21.4,-32.7,-38.6,-0.1,1.8542239999999996e-05
642,61.27,-0.4,359.37,1.613e-05,149.7,-22.2,-22.9,-33.4,-39.0,0.3,1.864628e-05
643,61.17,-0.4,359.37,1.622e-05,150.0,-22.0,-23.5,-34.1,-38.0,1.0,1.878276e-05
644,61.07,-0.4,359.37,1.631e-05,150.2,-21.8,-22.4,-34.8,-39.9,1.1,1.846292e-05
645,60.97,-0.4,359.37,1.641e-05,150.4,-21.7,-22.1,-35.5,-39.0,1.3,1.8674579999999998e-05
646,60.87,-0.4,359.37,1.65e-05,150.6,-21.5,-21.6,-36.2,-40.3,1.2,1.8694500000000002e-05
647,60.77,-0.4,359.38,1.659e-05,150.8,-21.3,-20.4,-36.9,-40.8,1.3,1.8912599999999996e-05
648,60.67,-0.4,359.38,1.669e-05,151.1,-21.1,-19.9,-37.6,-42.0,1.1,1.949392e-05
649,60.57,-0.4,359.38,1.679e-05,151.3,-20.9,-21.1,-38.3,-42.3,1.0,1.966109e-05
650,60.47,-0.4,359.38,1.688e-05,151.5,-20.8,-21.4,-39.0,-43.3,1.1,1.968208e-05
651,60.37,-0.4,359.38,1.698e-05,151.7,-20.6,-20.9,-39.7,-43.2,1.1,1.974774e-05
652,60.27,-0.4,359.38,1.708e-05,151.9,-20.4,-20.6,-40.4,-45.5,1.2,2.017148e-05
653,60.17,-0.4,359.38,1.717e-05,152.2,-20.2,-22.3,-41.1,-48.7,0.8,2.022626e-05
654,60.07,-0.4,359.38,1.727e-05,152.4,-20.1,-21.2,-41.8,-50.8,0.8,2.0309519999999997e-05
655,59.97,-0.4,359.38,1.74e-05,152.5,-19.7,-21.3,-42.2,-50.4,0.8,2.0097e-05
656,59.87,-0.4,359.38,1.76e-05,152.3,-18.9,-20.2,-41.9,-49.3,0.9,2.024e-05
657,59.77,-0.4,359.38,1.781e-05,152.2,-18.0,-19.6,-41.6,-51.4,0.9,2.039245e-05
658,59.67,-0.4,359.38,1.801e-05,152.0,-17.2,-17.1,-41.3,-49.4,0.9,2.0549409999999997e-05
659,59.57,-0.4,359.38,1.822e-05,151.9,-16.3,-16.4,-41.1,-48.6,0.8,2.12263e-05
660,59.47,-0.4,359.38,1.843e-05,151.7,-15.5,-16.0,-40.8,-49.8,0.6,2.167368e-05
661,59.37,-0.4,359.38,1.865e-05,151.6,-14.7,-14.0,-40.5,-48.4,0.6,2.18205e-05
662,59.27,-0.4,359.38,1.886e-05,151.4,-13.8,-14.3,-40.2,-46.1,0.4,2.185874e-05
663,59.17,-0.4,359.38,1.908e-05,151.3,-13.0,-15.6,-39.9,-43.0,0.5,2.211372e-05
664,59.07,-0.4,359.38,1.93e-05,151.1,-12.2,-14.7,-39.6,-42.6,0.3,2.2098500000000002e-05
665,58.97,-0.4,359.38,1.953e-05,151.0,-11.3,-14.8,-39.3,-43.2,0.9,2.2147019999999998e-05
666,58.87,-0.4,359.38,1.975e-05,150.8,-10.5,-15.2,-39.0,-42.8,0.6,2.2277999999999996e-05
667,58.77,-0.4,359.38,1.998e-05,150.7,-9.7,-13.0,-38.7,-42.3,0.4,2.229768e-05
668,58.67,-0.4,359.38,2.021e-05,150.5,-8.8,-11.3,-38.4,-41.4,0.2,2.2695830000000003e-05
669,58.57,-0.4,359.38,2.045e-05,150.4,-8.0,-10.2,-38.1,-41.7,-0.2,2.2229149999999997e-05
670,58.47,-0.4,359.38,2.068e-05,150.2,-7.1,-7.8,-37.8,-41.9,-0.3,2.2685959999999996e-05
671,58.37,-0.4,359.38,2.092e-05,150.1,-6.3,-7.1,-37.5,-43.0,-0.2,2.236348e-05
672,58.27,-0.4,359.38,2.117e-05,149.9,-5.5,-6.6,-37.2,-41.6,-0.4,2.24402e-05
673,58.17,-0.4,359.38,2.141e-05,149.8,-4.6,-4.1,-36.9,-42.2,-0.2,2.2630369999999997e-05
674,58.07,-0.4,359.38,2.166e-05,149.6,-3.8,-2.8,-36.7,-42.0,-0.7,2.3587739999999997e-05
675,57.97,-0.4,359.38,2.191e-05,149.5,-3.0,-1.6,-36.4,-38.0,-0.3,2.381617e-05
676,57.87,-0.4,359.38,2.217e-05,149.3,-2.1,-1.2,-36.1,-36.7,-0.3,2.401011e-05
677,57.77,-0.4,359.38,2.242e-05,149.2,-1.3,-1.4,-35.8,-37.2,-0.3,2.4280859999999997e-05
678,57.67,-0.4,359.38,2.268e-05,149.0,-0.5,-1.4,-35.5,-36.1,-0.6,2.4381e-05
679,57.57,-0.4,359.38,2.295e-05,148.9,0.4,-1.2,-35.2,-35.4,-0.8,2.4395849999999998e-05
680,57.47,-0.4,359.38,2.321e-05,148.7,1.2,-1.1,-34.9,-35.9,-0.5,2.434729e-05
681,57.37,-0.4,359.38,2.348e-05,148.6,2.0,-1.5,-34.6,-37.3,-0.5,2.4301799999999998e-05
682,57.27,-0.4,359.38,2.375e-05,148.4,2.9,-0.3,-34.3,-38.2,-0.3,2.448625e-05
683,57.17,-0.4,359.38,2.403e-05,148.3,3.7,0.5,-34.0,-38.0,-0.5,2.513538e-05
684,57.07,-0.4,359.38,2.431e-05,148.1,4.6,0.8,-33.7,-37.8,-0.5,2.574429e-05
685,56.97,-0.4,359.38,2.459e-05,148.0,5.4,3.7,-33.4,-37.9,-0.8,2.613917e-05
686,56.87,-0.4,359.38,2.488e-05,147.8,6.2,5.4,-33.1,-38.3,-1.2,2.6049359999999996e-05
687,56.77,-0.4,359.38,2.517e-05,147.7,7.1,7.8,-32.8,-38.0,-1.3,2.620197e-05
688,56.67,-0.4,359.38,2.546e-05,147.5,7.9,11.2,-32.5,-36.6,-1.1,2.607104e-05
689,56.57,-0.4,359.38,2.575e-05,147.4,8.7,12.8,-32.3,-38.2,-0.8,2.5647e-05
690,56.47,-0.4,359.38,2.605e-05,147.2,9.6,13.3,-32.0,-37.5,-1.0,2.57895e-05
691,56.37,-0.4,359.38,2.636e-05,147.1,10.4,14.8,-31.7,-37.1,-1.1,2.6122759999999997e-05
692,56.27,-0.4,359.38,2.666e-05,146.9,11.2,14.6,-31.4,-37.0,-1.0,2.6153459999999997e-05
693,56.17,-0.4,359.38,2.697e-05,146.8,12.1,15.5,-31.1,-34.7,-0.9,2.651151e-05
694,56.07,-0.4,359.38,2.729e-05,146.6,12.9,15.7,-30.8,-34.1,-1.3,2.7180840000000002e-05
695,55.97,-0.4,359.38,2.76e-05,146.5,13.7,19.3,-30.5,-33.1,-1.3,2.71308e-05
696,55.87,-0.4,359.38,2.792e-05,146.3,14.6,19.7,-30.2,-32.5,-1.5,2.660776e-05
697,55.77,-0.4,359.38,2.825e-05,146.2,15.4,19.8,-29.9,-33.0,-1.7,2.686575e-05
698,55.67,-0.4,359.38,2.858e-05,146.1,16.3,20.0,-29.6,-34.0,-1.6,2.709384e-05
699,55.57,-0.4,359.38,2.891e-05,145.9,17.1,21.3,-29.3,-34.9,-1.2,2.7059760000000002e-05
700,55.47,-0.4,359.38,2.924e-05,145.8,17.9,20.4,-29.0,-34.2,-1.0,2.73394e-05
701,55.37,-0.4,359.38,2.958e-05,145.6,18.8,20.5,-28.7,-35.9,-1.1,2.7302340000000004e-05
702,55.27,-0.4,359.38,2.993e-05,145.5,19.6,21.9,-28.4,-35.9,-0.9,2.7266230000000002e-05
703,55.17,-0.4,359.38,3.028e-05,145.3,20.4,23.7,-28.1,-33.9,-0.6,2.7675920000000002e-05
704,55.07,-0.4,359.38,3.063e-05,145.2,21.3,23.0,-27.8,-35.0,-0.4,2.8087710000000003e-05
705,54.97,-0.4,359.38,3.101e-05,145.0,21.6,24.9,-27.5,-34.5,-0.3,2.7598900000000004e-05
706,54.87,-0.4,359.38,3.147e-05,144.7,20.8,25.3,-27.0,-34.2,-0.4,2.813418e-05
707,54.77,-0.4,359.38,3.194e-05,144.4,20.0,25.5,-26.4,-34.7,-0.6,2.9384800000000004e-05
708,54.67,-0.4,359.38,3.241e-05,144.1,19.1,22.8,-25.9,-36.0,-0.8,3.062745e-05
709,54.57,-0.4,359.38,3.29e-05,143.8,18.3,23.1,-25.4,-33.8,-0.9,3.1287899999999996e-05
710,54.47,-0.4,359.38,3.338e-05,143.5,17.5,22.5,-24.9,-32.5,-0.4,3.197804e-05
711,54.37,-0.4,359.38,3.388e-05,143.2,16.6,23.7,-24.3,-29.3,-0.3,3.266032e-05
712,54.27,-0.4,359.38,3.438e-05,142.9,15.8,23.0,-23.8,-31.0,-0.2,3.262662e-05
713,54.17,-0.4,359.38,3.49e-05,142.6,15.0,22.8,-23.3,-32.9,0.2,3.2457000000000005e-05
714,54.07,-0.4,359.38,3.541e-05,142.3,14.1,24.5,-22.8,-33.9,-0.0,3.324999e-05
715,53.97,-0.4,359.38,3.594e-05,142.0,13.3,24.4,-22.2,-35.8,0.5,3.381953999999999e-05
716,53.87,-0.4,359.38,3.648e-05,141.7,12.5,22.0,-21.7,-35.7,0.3,3.4437120000000004e-05
717,53.77,-0.4,359.38,3.702e-05,141.4,11.6,20.1,-21.2,-36.7,0.6,3.457668e-05
718,53.67,-0.4,359.38,3.757e-05,141.1,10.8,21.5,-20.6,-37.1,0.8,3.486496e-05
719,53.57,-0.4,359.38,3.813e-05,140.8,10.0,20.4,-20.1,-35.2,0.4,3.58422e-05
720,53.47,-0.4,359.38,3.87e-05,140.5,9.1,17.9,-19.6,-34.1,0.4,3.5604e-05
721,53.37,-0.4,359.38,3.927e-05,140.2,8.3,17.5,-19.1,-32.2,0.1,3.6128400000000005e-05
722,53.27,-0.4,359.38,3.986e-05,139.9,7.5,17.0,-18.5,-32.1,-0.1,3.6950220000000006e-05
723,53.17,-0.4,359.38,4.045e-05,139.6,6.6,16.1,-18.0,-31.3,-0.4,3.77803e-05
724,53.07,-0.4,359.38,4.106e-05,139.3,5.8,15.0,-17.5,-31.0,-0.0,3.8062620000000005e-05
725,52.97,-0.4,359.38,4.167e-05,139.0,5.0,14.0,-17.0,-29.6,-0.1,3.900312e-05
726,52.87,-0.4,359.38,4.229e-05,138.7,4.1,12.5,-16.4,-28.3,-0.3,4.01755e-05
727,52.77,-0.4,359.38,4.292e-05,138.4,3.3,12.3,-15.9,-27.9,-0.6,4.047356e-05
728,52.67,-0.4,359.38,4.356e-05,138.1,2.5,12.6,-15.4,-26.7,-0.7,4.2122520000000003e-05
729,52.57,-0.4,359.38,4.421e-05,137.8,1.7,11.6,-14.9,-26.2,-0.4,4.2751069999999996e-05
730,52.47,-0.4,359.38,4.487e-05,137.5,0.8,11.5,-14.3,-24.2,-0.6,4.374825e-05
731,52.37,-0.4,359.38,4.555e-05,137.2,-0.0,9.5,-13.8,-23.7,-0.6,4.2908100000000003e-05
732,52.27,-0.4,359.38,4.623e-05,136.9,-0.8,8.5,-13.3,-24.3,-0.6,4.2901440000000005e-05
733,52.17,-0.4,359.38,4.692e-05,136.6,-1.7,7.1,-12.8,-24.6,-0.6,4.43394e-05
734,52.07,-0.4,359.38,4.762e-05,136.3,-2.5,3.9,-12.2,-23.1,-0.5,4.409612e-05
735,51.97,-0.4,359.38,4.833e-05,136.0,-3.3,2.8,-11.7,-21.9,-0.2,4.402863e-05
736,51.87,-0.4,359.38,4.906e-05,135.7,-4.2,0.6,-11.2,-21.7,-0.2,4.4055880000000005e-05
737,51.77,-0.4,359.38,4.979e-05,135.4,-5.0,-0.7,-10.7,-20.7,-0.2,4.486079e-05
738,51.67,-0.4,359.39,5.054e-05,135.1,-5.8,-1.0,-10.1,-20.3,-0.4,4.563762e-05
739,51.57,-0.4,359.39,5.129e-05,134.8,-6.7,0.5,-9.6,-17.3,-0.5,4.652003e-05
740,51.47,-0.4,359.39,5.206e-05,134.5,-7.5,0.1,-9.1,-16.7,-0.5,4.680194e-05
741,51.37,-0.4,359.39,5.284e-05,134.2,-8.3,-2.1,-8.5,-16.0,-0.8,4.6921920000000004e-05
742,51.27,-0.4,359.39,5.364e-05,133.9,-9.2,-4.0,-8.0,-15.8,-0.3,4.8436920000000005e-05
743,51.17,-0.4,359.39,5.444e-05,133.6,-10.0,-5.9,-7.5,-14.6,-0.6,4.87238e-05
744,51.07,-0.4,359.39,5.526e-05,133.3,-10.8,-7.5,-7.0,-13.8,-0.6,4.9457700000000006e-05
745,50.97,-0.4,359.39,5.609e-05,133.0,-11.7,-8.5,-6.4,-11.3,-0.5,5.205152e-05
746,50.87,-0.4,359.39,5.693e-05,132.7,-12.5,-7.1,-5.9,-11.3,-0.5,5.277411e-05
747,50.77,-0.4,359.39,5.779e-05,132.4,-13.3,-8.6,-5.4,-10.0,-0.5,5.5016079999999995e-05
748,50.67,-0.4,359.39,5.866e-05,132.1,-14.2,-9.8,-4.9,-9.3,-0.6,5.566833999999999e-05
749,50.57,-0.4,359.39,5.954e-05,131.8,-15.0,-10.9,-4.3,-11.3,-0.6,5.608668e-05
750,50.47,-0.4,359.39,6.043e-05,131.5,-15.8,-12.5,-3.8,-12.0,-0.4,5.589775e-05
751,50.37,-0.4,359.39,6.134e-05,131.2,-16.6,-14.0,-3.3,-11.0,-0.2,5.686218000000001e-05
752,50.27,-0.4,359.39,6.227e-05,130.9,-17.5,-14.7,-2.8,-8.5,-0.0,5.660343e-05
753,50.17,-0.4,359.39,6.32e-05,130.6,-18.3,-14.5,-2.2,-8.8,0.3,5.751200000000001e-05
754,50.07,-0.4,359.39,6.416e-05,130.3,-19.1,-17.1,-1.7,-8.8,0.3,5.877056e-05
755,49.97,-0.4,359.39,6.511e-05,130.1,-19.9,-19.5,-1.2,-7.9,0.3,5.9640760000000004e-05
756,49.87,-0.4,359.39,6.603e-05,130.1,-20.4,-22.6,-0.9,-8.3,-0.2,5.969112e-05
757,49.77,-0.4,359.39,6.696e-05,130.1,-21.0,-23.4,-0.5,-8.1,-0.1,6.173712e-05
758,49.67,-0.4,359.39,6.79e-05,130.1,-21.5,-23.6,-0.2,-7.2,0.2,6.36223e-05
759,49.57,-0.4,359.39,6.886e-05,130.1,-22.0,-24.7,0.2,-8.3,-0.0,6.43841e-05
760,49.47,-0.4,359.39,6.984e-05,130.0,-22.6,-26.7,0.5,-8.4,-0.5,6.557975999999999e-05
761,49.37,-0.4,359.39,7.082e-05,130.0,-23.1,-29.0,0.9,-7.5,-0.5,6.76331e-05
762,49.27,-0.4,359.39,7.182e-05,130.0,-23.6,-29.6,1.3,-9.0,-0.4,6.794172e-05
763,49.17,-0.4,359.39,7.284e-05,130.0,-24.2,-30.2,1.6,-8.8,-0.3,6.934368e-05
764,49.07,-0.4,359.39,7.387e-05,130.0,-24.7,-29.4,2.0,-7.4,-0.5,7.010262999999999e-05
765,48.97,-0.4,359.39,7.491e-05,130.0,-25.2,-30.6,2.3,-7.4,-0.7,7.228815e-05
766,48.87,-0.4,359.39,7.597e-05,130.0,-25.8,-31.9,2.7,-7.8,-0.6,7.353896e-05
767,48.77,-0.4,359.39,7.704e-05,130.0,-26.3,-33.1,3.0,-5.7,-0.7,7.418951999999999e-05
768,48.67,-0.4,359.39,7.813e-05,130.0,-26.8,-33.9,3.4,-5.8,-0.7,7.531731999999999e-05
769,48.57,-0.4,359.39,7.923e-05,130.0,-27.4,-36.6,3.7,-7.2,-0.7,7.582310999999999e-05
770,48.47,-0.4,359.39,8.035e-05,130.0,-27.9,-36.1,4.1,-5.7,-0.5,7.5529e-05
771,48.37,-0.4,359.39,8.149e-05,130.0,-28.4,-36.9,4.4,-4.9,-0.6,7.708953999999999e-05
772,48.27,-0.4,359.39,8.264e-05,130.0,-29.0,-35.8,4.8,-3.6,-0.7,7.817744e-05
773,48.17,-0.4,359.39,8.38e-05,130.0,-29.5,-36.4,5.2,-4.9,-0.8,7.92748e-05
774,48.07,-0.4,359.39,8.499e-05,130.0,-30.0,-36.2,5.5,-4.3,-0.8,8.116544999999999e-05
775,47.97,-0.4,359.39,8.619e-05,130.0,-30.6,-36.7,5.9,-1.5,-0.9,8.127717e-05
776,47.87,-0.4,359.39,8.74e-05,130.0,-31.1,-36.0,6.2,-0.8,-1.1,8.198119999999999e-05
777,47.77,-0.4,359.39,8.864e-05,130.0,-31.6,-35.9,6.6,0.1,-0.9,8.296704000000001e-05
778,47.67,-0.4,359.39,8.989e-05,130.0,-32.2,-38.0,6.9,-0.5,-1.1,8.512582999999999e-05
779,47.57,-0.4,359.39,9.116e-05,130.0,-32.7,-40.1,7.3,-0.0,-1.3,8.623735999999999e-05
780,47.47,-0.4,359.39,9.245e-05,130.0,-33.2,-38.0,7.6,0.3,-0.9,8.736524999999999e-05
781,47.37,-0.4,359.39,9.375e-05,130.0,-33.8,-36.6,8.0,0.2,-1.0,8.925e-05
782,47.27,-0.4,359.39,9.508e-05,130.0,-34.3,-37.5,8.3,0.1,-1.1,8.98506e-05
783,47.17,-0.4,359.39,9.642e-05,130.0,-34.8,-38.3,8.7,-0.1,-1.2,9.034554e-05
784,47.07,-0.4,359.39,9.778e-05,130.0,-35.4,-38.5,9.1,-0.7,-1.7,9.201098e-05
785,46.97,-0.4,359.39,9.916e-05,130.0,-35.9,-38.9,9.4,-0.4,-1.6,9.192132000000001e-05
786,46.87,-0.4,359.39,0.0001006,130.0,-36.4,-38.3,9.8,1.3,-1.5,9.36586e-05
787,46.77,-0.4,359.39,0.000102,130.0,-37.0,-38.6,10.1,2.1,-1.2,9.547200000000001e-05
788,46.67,-0.4,359.39,0.0001034,130.0,-37.5,-41.0,10.5,2.4,-1.2,9.647220000000001e-05
789,46.57,-0.4,359.39,0.0001049,130.0,-38.0,-40.3,10.8,3.2,-1.0,9.8606e-05
790,46.47,-0.4,359.39,0.0001064,130.0,-38.6,-41.1,11.2,3.6,-1.1,0.0001019312
791,46.37,-0.4,359.39,0.0001079,130.0,-39.1,-40.7,11.5,4.7,-1.6,0.00010574199999999999
792,46.27,-0.4,359.39,0.0001094,130.0,-39.6,-42.5,11.9,4.9,-1.4,0.00010852480000000001
793,46.17,-0.4,359.39,0.0001109,130.0,-40.2,-43.4,12.2,4.0,-1.6,0.0001109
794,46.07,-0.4,359.39,0.0001125,130.0,-40.7,-45.0,12.6,6.3,-1.4,0.00011283749999999998
795,45.97,-0.4,359.39,0.0001141,130.0,-41.2,-45.4,13.0,5.7,-1.5,0.00011227439999999999
796,45.87,-0.4,359.39,0.0001157,130.0,-41.8,-47.1,13.3,3.4,-1.5,0.00011350169999999999
797,45.77,-0.4,359.39,0.0001173,130.0,-42.3,-47.0,13.7,2.6,-1.3,0.0001147194
798,45.67,-0.4,359.39,0.000119,130.0,-42.8,-46.2,14.0,3.1,-1.4,0.00011531100000000001
799,45.57,-0.4,359.39,0.0001207,130.0,-43.4,-44.2,14.4,4.3,-1.4,0.0001159927
800,45.47,-0.4,359.39,0.0001224,130.0,-43.9,-42.9,14.7,3.7,-1.7,0.00012007439999999999
801,45.37,-0.4,359.39,0.0001241,129.9,-44.4,-43.1,15.1,2.6,-1.8,0.0001207493
802,45.27,-0.4,359.39,0.0001259,129.9,-45.0,-44.0,15.4,3.2,-2.2,0.0001237597
803,45.17,-0.4,359.39,0.0001276,129.9,-45.5,-45.0,15.8,4.9,-2.2,0.00012377200000000002
804,45.07,-0.4,359.39,0.0001294,129.9,-46.0,-45.6,16.2,5.8,-2.3,0.0001266826
805,44.97,-0.4,359.39,0.0001312,130.0,-46.5,-46.2,16.4,6.5,-2.3,0.0001280512
806,44.87,-0.4,359.39,0.0001329,130.2,-46.6,-45.3,16.4,5.8,-2.7,0.0001293117
807,44.77,-0.4,359.39,0.0001346,130.3,-46.8,-45.9,16.4,6.7,-2.4,0.00013029279999999998
808,44.67,-0.4,359.39,0.0001363,130.5,-46.9,-47.2,16.4,6.2,-2.3,0.0001315295
809,44.57,-0.4,359.39,0.0001381,130.6,-47.1,-48.0,16.4,7.5,-1.8,0.0001361666
810,44.47,-0.4,359.39,0.0001398,130.8,-47.3,-47.1,16.4,8.4,-1.6,0.00013952040000000002
811,44.37,-0.4,359.39,0.0001416,131.0,-47.4,-47.1,16.4,9.0,-1.5,0.00014287439999999997
812,44.27,-0.4,359.39,0.0001434,131.1,-47.6,-47.7,16.5,9.4,-1.5,0.00014526419999999997
813,44.17,-0.4,359.39,0.0001453,131.3,-47.7,-48.8,16.5,9.1,-1.4,0.00014718889999999998
814,44.07,-0.4,359.39,0.0001471,131.4,-47.9,-48.3,16.5,11.0,-1.3,0.0001504833
815,43.97,-0.4,359.39,0.000149,131.6,-48.0,-49.4,16.5,9.2,-1.0,0.00015183099999999998
816,43.87,-0.4,359.39,0.0001509,131.8,-48.2,-51.8,16.5,9.1,-0.8,0.0001515036
817,43.77,-0.4,359.39,0.0001528,131.9,-48.3,-52.4,16.5,9.5,-0.5,0.000154328
818,43.67,-0.4,359.39,0.0001548,132.1,-48.5,-51.7,16.5,9.1,-0.7,0.00015588359999999999
819,43.57,-0.4,359.39,0.0001568,132.3,-48.7,-51.5,16.5,9.6,-0.7,0.0001561728
820,43.47,-0.4,359.39,0.0001588,132.4,-48.8,-52.0,16.5,7.8,-0.8,0.0001589588
821,43.37,-0.4,359.39,0.0001608,132.6,-49.0,-51.9,16.5,6.5,-0.4,0.0001582272
822,43.27,-0.4,359.39,0.0001629,132.7,-49.1,-51.8,16.5,6.6,-0.6,0.0001630629
823,43.17,-0.4,359.39,0.000165,132.9,-49.3,-49.6,16.5,6.8,-0.7,0.000164835
824,43.07,-0.4,359.39,0.0001671,133.1,-49.4,-49.0,16.5,6.1,-0.8,0.0001652619
825,42.97,-0.4,359.39,0.0001692,133.2,-49.6,-49.6,16.5,6.2,-0.8,0.0001654776
826,42.87,-0.4,359.39,0.0001714,133.4,-49.8,-48.6,16.6,5.3,-0.8,0.00016831479999999998
827,42.77,-0.4,359.39,0.0001736,133.6,-49.9,-48.7,16.6,6.1,-1.1,0.0001703016
828,42.67,-0.4,359.39,0.0001758,133.7,-50.1,-49.4,16.6,7.7,-0.9,0.000174921
829,42.57,-0.4,359.4,0.000178,133.9,-50.2,-50.6,16.6,8.4,-1.0,0.00017657599999999998
830,42.47,-0.4,359.4,0.0001803,134.0,-50.4,-50.0,16.6,8.6,-0.9,0.00018156209999999997
831,42.37,-0.4,359.4,0.0001826,134.2,-50.5,-51.5,16.6,8.9,-0.8,0.0001869824
832,42.27,-0.4,359.4,0.000185,134.4,-50.7,-52.9,16.6,8.5,-0.7,0.000188885
833,42.17,-0.4,359.4,0.0001874,134.5,-50.9,-55.2,16.6,8.8,-0.5,0.00019171019999999998
834,42.07,-0.4,359.4,0.0001898,134.7,-51.0,-55.9,16.6,9.8,-0.5,0.00019340619999999998
835,41.97,-0.4,359.4,0.0001922,134.8,-51.2,-56.3,16.6,9.1,-0.0,0.00019662059999999999
836,41.87,-0.4,359.4,0.0001947,135.0,-51.3,-55.5,16.6,9.7,-0.0,0.0002001516
837,41.77,-0.4,359.4,0.0001971,135.2,-51.5,-55.7,16.6,10.5,-0.3,0.00020163329999999997
838,41.67,-0.4,359.4,0.0001997,135.3,-51.6,-55.0,16.6,11.6,-0.1,0.000201697
839,41.57,-0.4,359.4,0.0002022,135.5,-51.8,-55.4,16.6,12.1,-0.1,0.00020361539999999998
840,41.47,-0.4,359.4,0.0002048,135.7,-51.9,-55.0,16.7,13.5,-0.1,0.00020357119999999998
841,41.37,-0.4,359.4,0.0002075,135.8,-52.1,-56.0,16.7,14.1,-0.3,0.000208745
842,41.27,-0.4,359.4,0.0002101,136.0,-52.3,-57.0,16.7,13.8,-0.5,0.0002098899
843,41.17,-0.4,359.4,0.0002128,136.1,-52.4,-55.5,16.7,14.4,-0.2,0.0002140768
844,41.07,-0.4,359.4,0.0002155,136.3,-52.6,-56.3,16.7,15.3,-0.4,0.0002174395
845,40.97,-0.4,359.4,0.0002183,136.5,-52.7,-56.1,16.7,14.1,-0.4,0.00022157449999999997
846,40.87,-0.4,359.4,0.0002211,136.6,-52.9,-54.8,16.7,15.1,-0.2,0.0002257431
847,40.77,-0.4,359.4,0.000224,136.8,-53.0,-56.0,16.7,15.1,-0.2,0.00022848
848,40.67,-0.4,359.4,0.0002268,137.0,-53.2,-55.4,16.7,15.8,-0.1,0.0002268
849,40.57,-0.4,359.4,0.0002297,137.1,-53.4,-56.0,16.7,15.1,-0.4,0.00023038909999999999
850,40.47,-0.4,359.4,0.0002327,137.3,-53.5,-55.6,16.7,15.9,-0.4,0.0002354924
851,40.37,-0.4,359.4,0.0002357,137.4,-53.7,-56.4,16.7,15.6,-0.3,0.0002385284
852,40.27,-0.4,359.4,0.0002387,137.6,-53.8,-56.7,16.7,15.7,-0.3,0.00024037089999999999
853,40.17,-0.4,359.4,0.0002418,137.8,-54.0,-57.0,16.7,15.8,-0.4,0.0002451852
854,40.07,-0.4,359.4,0.0002449,137.9,-54.1,-56.8,16.7,16.3,-0.1,0.00024392039999999998
855,39.97,-0.4,359.4,0.0002479,138.1,-54.2,-56.3,16.7,15.6,-0.2,0.0002464126
856,39.87,-0.4,359.4,0.0002507,138.4,-54.2,-55.2,16.4,15.0,-0.4,0.0002494465
857,39.77,-0.4,359.4,0.0002536,138.7,-54.1,-56.7,16.2,15.2,-0.3,0.0002500496
858,39.67,-0.4,359.4,0.0002564,139.0,-54.1,-57.6,16.0,14.6,-0.0,0.00025152839999999997
859,39.57,-0.4,359.4,0.0002593,139.2,-54.0,-57.1,15.7,15.2,-0.0,0.00025307680000000003
860,39.47,-0.4,359.4,0.0002623,139.5,-54.0,-58.2,15.5,14.9,0.0,0.00025180799999999996
861,39.37,-0.4,359.4,0.0002653,139.8,-53.9,-58.7,15.3,15.0,0.1,0.00025362679999999996
862,39.27,-0.4,359.4,0.0002683,140.1,-53.9,-57.1,15.0,15.0,0.1,0.0002543484
863,39.17,-0.4,359.4,0.0002713,140.4,-53.8,-54.8,14.8,13.2,0.2,0.0002539368
864,39.07,-0.4,359.4,0.0002744,140.6,-53.8,-54.2,14.5,13.5,-0.1,0.00025848479999999996
865,38.97,-0.4,359.4,0.0002775,140.9,-53.7,-53.6,14.3,12.4,-0.0,0.0002616825
866,38.87,-0.4,359.4,0.0002807,141.2,-53.7,-52.8,14.1,11.2,0.0,0.00026470009999999996
867,38.77,-0.4,359.4,0.0002838,141.5,-53.6,-53.8,13.8,12.3,-0.3,0.0002664882
868,38.67,-0.4,359.4,0.0002871,141.7,-53.6,-54.0,13.6,11.9,0.0,0.00027044819999999997
869,38.57,-0.4,359.4,0.0002903,142.0,-53.5,-54.6,13.3,11.7,0.2,0.0002723014
870,38.47,-0.4,359.4,0.0002936,142.3,-53.4,-54.4,13.1,11.9,-0.1,0.000270112
871,38.37,-0.4,359.4,0.000297,142.6,-53.4,-54.0,12.9,10.9,-0.4,0.00027056700000000004
872,38.27,-0.4,359.4,0.0003004,142.9,-53.3,-54.0,12.6,11.6,-0.6,0.0002712612
873,38.17,-0.4,359.4,0.0003038,143.1,-53.3,-53.9,12.4,11.0,-0.7,0.0002700782
874,38.07,-0.4,359.4,0.0003072,143.4,-53.2,-52.2,12.2,11.7,-0.8,0.0002801664
875,37.97,-0.4,359.4,0.0003107,143.7,-53.2,-51.7,11.9,12.0,-1.0,0.0002873975
876,37.87,-0.4,359.4,0.0003143,144.0,-53.1,-51.5,11.7,11.3,-0.8,0.0002853844
877,37.77,-0.4,359.4,0.0003179,144.3,-53.1,-51.3,11.4,12.2,-0.6,0.00029183219999999997
878,37.67,-0.4,359.4,0.0003215,144.5,-53.0,-53.0,11.2,11.6,-0.8,0.00029738750000000004
879,37.57,-0.4,359.4,0.0003252,144.8,-53.0,-52.6,11.0,13.4,-0.7,0.0002998344
880,37.47,-0.4,359.4,0.0003289,145.1,-52.9,-53.9,10.7,13.1,-1.1,0.00030291690000000006
881,37.37,-0.4,359.4,0.0003326,145.4,-52.9,-53.0,10.5,12.9,-0.9,0.0003069898
882,37.27,-0.4,359.4,0.0003364,145.7,-52.8,-54.4,10.2,12.9,-1.2,0.0003081424
883,37.17,-0.4,359.4,0.0003403,145.9,-52.8,-53.6,10.0,13.2,-1.3,0.00030933269999999997
884,37.07,-0.4,359.4,0.0003442,146.2,-52.7,-51.3,9.8,12.5,-0.8,0.00031735240000000005
885,36.97,-0.4,359.4,0.0003481,146.5,-52.7,-52.6,9.5,12.3,-1.0,0.00031781530000000004
886,36.87,-0.4,359.4,0.0003521,146.8,-52.6,-51.7,9.3,10.5,-1.2,0.0003225236
887,36.77,-0.4,359.4,0.0003561,147.0,-52.6,-51.3,9.1,10.0,-1.1,0.0003286803
888,36.67,-0.4,359.4,0.0003602,147.3,-52.5,-49.4,8.8,10.1,-1.0,0.0003328248
889,36.57,-0.4,359.4,0.0003643,147.6,-52.4,-49.7,8.6,9.6,-1.1,0.0003355203
890,36.47,-0.4,359.4,0.0003685,147.9,-52.4,-49.2,8.3,9.3,-1.0,0.00033902000000000004
891,36.37,-0.4,359.4,0.0003727,148.2,-52.3,-49.9,8.1,8.5,-1.2,0.0003406478
892,36.27,-0.4,359.4,0.000377,148.4,-52.3,-49.6,7.9,9.2,-1.0,0.00034043100000000003
893,36.17,-0.4,359.4,0.0003813,148.7,-52.2,-50.2,7.6,8.0,-0.4,0.0003424074
894,36.07,-0.4,359.4,0.0003856,149.0,-52.2,-49.3,7.4,7.1,-0.4,0.0003443408
895,35.97,-0.4,359.4,0.0003901,149.3,-52.1,-49.0,7.1,7.3,-0.5,0.0003425078
896,35.87,-0.4,359.4,0.0003945,149.6,-52.1,-49.2,6.9,7.5,-0.5,0.0003507105
897,35.77,-0.4,359.4,0.0003991,149.8,-52.0,-48.2,6.7,8.4,-0.5,0.0003575936
898,35.67,-0.4,359.4,0.0004036,150.1,-52.0,-47.7,6.4,8.7,-0.3,0.0003620292
899,35.57,-0.4,359.4,0.0004083,150.4,-51.9,-46.5,6.2,9.1,-0.7,0.0003662451
900,35.47,-0.4,359.4,0.000413,150.7,-51.9,-45.8,6.0,8.8,-0.2,0.000369635
901,35.37,-0.4,359.4,0.0004177,151.0,-51.8,-45.9,5.7,9.2,-0.2,0.00037551230000000004
902,35.27,-0.4,359.4,0.0004225,151.2,-51.8,-45.6,5.5,7.2,-0.0,0.00037856
903,35.17,-0.4,359.4,0.0004274,151.5,-51.7,-46.4,5.2,7.3,0.0,0.00038594219999999997
904,35.07,-0.4,359.4,0.0004323,151.8,-51.7,-47.0,5.0,8.9,-0.0,0.0003877731
905,34.97,-0.4,359.4,0.0004372,152.0,-51.5,-46.0,4.8,6.3,-0.0,0.00039610320000000004
906,34.87,-0.4,359.4,0.000442,152.3,-51.3,-45.2,4.7,5.5,-0.1,0.00040664000000000005
907,34.77,-0.4,359.4,0.0004468,152.5,-51.0,-44.2,4.6,6.1,0.1,0.00040882200000000004
908,34.67,-0.4,359.4,0.0004517,152.7,-50.8,-42.1,4.5,4.5,0.2,0.000411047
909,34.57,-0.4,359.4,0.0004566,152.9,-50.5,-41.7,4.4,6.0,0.2,0.0004145928
910,34.47,-0.4,359.4,0.0004616,153.1,-50.2,-41.6,4.4,6.3,0.3,0.00042144080000000003
911,34.37,-0.4,359.4,0.0004666,153.3,-50.0,-41.5,4.3,5.8,0.3,0.00043160500000000005
912,34.27,-0.4,359.4,0.0004717,153.5,-49.7,-41.7,4.2,5.9,0.1,0.0004320772
913,34.17,-0.4,359.4,0.0004769,153.8,-49.5,-42.3,4.1,5.5,0.0,0.0004354097
914,34.07,-0.4,359.4,0.0004821,154.0,-49.2,-41.6,4.0,5.4,0.1,0.0004406394
915,33.97,-0.4,359.4,0.0004874,154.2,-49.0,-41.2,3.9,5.2,0.0,0.00044694579999999997
916,33.87,-0.4,359.4,0.0004927,154.4,-48.7,-40.0,3.8,4.5,0.3,0.0004552548
917,33.77,-0.4,359.4,0.0004981,154.6,-48.4,-37.9,3.7,4.5,0.4,0.0004652254
918,33.67,-0.4,359.4,0.0005036,154.8,-48.2,-36.8,3.6,4.9,0.3,0.00047439119999999997
919,33.57,-0.4,359.4,0.0005091,155.0,-47.9,-37.0,3.6,5.7,0.4,0.00048364499999999994
920,33.47,-0.4,359.41,0.0005147,155.2,-47.7,-36.7,3.5,5.3,0.4,0.0004910238
921,33.37,-0.4,359.41,0.0005203,155.5,-47.4,-35.6,3.4,5.5,0.3,0.0004974068
922,33.27,-0.4,359.41,0.000526,155.7,-47.1,-34.5,3.3,2.7,0.1,0.000501804
923,33.17,-0.4,359.41,0.0005318,155.9,-46.9,-34.8,3.2,4.4,-0.1,0.0005068054
924,33.07,-0.4,359.41,0.0005376,156.1,-46.6,-33.9,3.1,5.3,-0.1,0.0005144831999999999
925,32.97,-0.4,359.41,0.0005435,156.3,-46.4,-33.7,3.0,5.4,0.1,0.0005212165
926,32.87,-0.4,359.41,0.0005494,156.5,-46.1,-33.9,2.9,4.5,0.1,0.000524677
927,32.77,-0.4,359.41,0.0005555,156.7,-45.8,-34.7,2.8,3.8,-0.1,0.00053328
928,32.67,-0.4,359.41,0.0005616,156.9,-45.6,-34.8,2.8,5.0,-0.4,0.0005396976
929,32.57,-0.4,359.41,0.0005677,157.2,-45.3,-35.7,2.7,4.5,-0.5,0.0005455597
930,32.47,-0.4,359.41,0.0005739,157.4,-45.1,-35.3,2.6,3.7,-0.3,0.0005480745
931,32.37,-0.4,359.41,0.0005802,157.6,-44.8,-36.0,2.5,3.3,-0.2,0.0005529306
932,32.27,-0.4,359.41,0.0005866,157.8,-44.6,-35.4,2.4,3.4,-0.1,0.0005578565999999999
933,32.17,-0.4,359.41,0.0005931,158.0,-44.3,-35.4,2.3,3.0,0.1,0.0005705622
934,32.07,-0.4,359.41,0.0005996,158.2,-44.0,-35.2,2.2,2.5,0.3,0.0005738172
935,31.97,-0.4,359.41,0.0006061,158.4,-43.8,-34.8,2.1,2.2,0.2,0.0005776133
936,31.87,-0.4,359.41,0.0006128,158.7,-43.5,-33.6,2.0,3.2,0.1,0.0005901264
937,31.77,-0.4,359.41,0.0006195,158.9,-43.3,-33.0,2.0,4.1,-0.2,0.0005941005
938,31.67,-0.4,359.41,0.0006263,159.1,-43.0,-32.7,1.9,4.6,-0.3,0.0005962376
939,31.57,-0.4,359.41,0.0006332,159.3,-42.7,-32.6,1.8,3.4,-0.4,0.0006059724
940,31.47,-0.4,359.41,0.0006402,159.5,-42.5,-31.0,1.7,3.4,-0.5,0.0006081899999999999
941,31.37,-0.4,359.41,0.0006472,159.7,-42.2,-31.1,1.6,2.4,-0.2,0.0006187232
942,31.27,-0.4,359.41,0.0006543,159.9,-42.0,-30.3,1.5,1.8,-0.3,0.0006235479
943,31.17,-0.4,359.41,0.0006615,160.1,-41.7,-30.6,1.4,0.9,-0.5,0.0006330554999999999
944,31.07,-0.4,359.41,0.0006688,160.4,-41.4,-30.2,1.3,2.1,-0.4,0.0006467296
945,30.97,-0.4,359.41,0.0006761,160.6,-41.2,-30.0,1.2,1.1,-0.6,0.0006558169999999999
946,30.87,-0.4,359.41,0.0006836,160.8,-40.9,-31.0,1.2,1.6,-0.2,0.0006651428
947,30.77,-0.4,359.41,0.0006911,161.0,-40.7,-31.4,1.1,0.6,-0.2,0.0006731314
948,30.67,-0.4,359.41,0.0006987,161.2,-40.4,-31.4,1.0,1.0,-0.1,0.0006791364
949,30.57,-0.4,359.41,0.0007064,161.4,-40.2,-32.3,0.9,0.7,-0.0,0.0006837952
950,30.47,-0.4,359.41,0.0007142,161.6,-39.9,-32.4,0.8,0.1,-0.3,0.0006977734
951,30.37,-0.4,359.41,0.000722,161.8,-39.6,-33.4,0.7,-2.2,-0.4,0.00070395
952,30.27,-0.4,359.41,0.00073,162.1,-39.4,-32.7,0.6,-2.9,-0.4,0.0007153999999999999
953,30.17,-0.4,359.41,0.000738,162.3,-39.1,-33.3,0.5,-4.1,-0.3,0.000724716
954,30.07,-0.4,359.41,0.0007461,162.5,-38.9,-33.1,0.4,-3.9,-0.4,0.0007326702
955,29.97,-0.4,359.41,0.0007542,162.7,-38.6,-31.5,0.4,-4.3,-0.3,0.000739116
956,29.87,-0.4,359.41,0.0007618,162.9,-38.5,-33.2,0.3,-4.4,-0.4,0.0007549438
957,29.77,-0.4,359.41,0.0007695,163.1,-38.4,-32.5,0.2,-6.1,-0.5,0.000760266
958,29.67,-0.4,359.41,0.0007772,163.3,-38.3,-32.2,0.1,-6.1,-0.6,0.0007670964
959,29.57,-0.4,359.41,0.0007851,163.6,-38.1,-33.0,-0.0,-5.8,-0.7,0.0007741085999999999
960,29.47,-0.4,359.41,0.000793,163.8,-38.0,-32.2,-0.1,-6.2,-0.8,0.0007811049999999999
961,29.37,-0.4,359.41,0.000801,164.0,-37.9,-32.7,-0.2,-5.8,-1.0,0.0007753679999999999
962,29.27,-0.4,359.41,0.0008091,164.2,-37.7,-33.9,-0.3,-7.1,-1.1,0.0007856361
963,29.17,-0.4,359.41,0.0008172,164.4,-37.6,-34.2,-0.4,-5.4,-1.1,0.000788598
964,29.07,-0.4,359.41,0.0008255,164.6,-37.5,-33.5,-0.5,-5.0,-1.1,0.0007933055
965,28.97,-0.4,359.41,0.0008338,164.8,-37.3,-33.6,-0.6,-4.3,-1.2,0.0007971127999999999
966,28.87,-0.4,359.41,0.0008423,165.0,-37.2,-32.8,-0.7,-4.1,-1.1,0.0008060811
967,28.77,-0.4,359.41,0.0008508,165.3,-37.1,-34.5,-0.8,-4.3,-1.0,0.0008176187999999999
968,28.67,-0.4,359.41,0.0008594,165.5,-37.0,-34.2,-0.9,-5.1,-1.1,0.0008318991999999999
969,28.57,-0.4,359.41,0.000868,165.7,-36.8,-33.8,-1.0,-5.0,-1.4,0.000840224
970,28.47,-0.4,359.41,0.0008768,165.9,-36.7,-33.9,-1.1,-5.1,-1.1,0.000850496
971,28.37,-0.4,359.41,0.0008857,166.1,-36.6,-33.7,-1.2,-3.9,-1.3,0.0008564719
972,28.27,-0.4,359.41,0.0008946,166.3,-36.4,-33.2,-1.3,-2.3,-1.2,0.0008641835999999999
973,28.17,-0.4,359.41,0.0009037,166.5,-36.3,-33.1,-1.4,-2.9,-1.4,0.0008738779
974,28.07,-0.4,359.41,0.0009128,166.7,-36.2,-33.1,-1.5,-3.3,-1.3,0.0008863288
975,27.97,-0.4,359.41,0.0009221,167.0,-36.0,-33.2,-1.6,-4.1,-1.1,0.0008962812
976,27.87,-0.4,359.41,0.0009314,167.2,-35.9,-33.3,-1.7,-4.9,-1.2,0.0008997323999999999
977,27.77,-0.4,359.41,0.0009408,167.4,-35.8,-33.0,-1.8,-4.2,-1.1,0.0009172799999999999
978,27.67,-0.4,359.41,0.0009503,167.6,-35.7,-32.7,-1.9,-5.3,-1.3,0.0009246418999999999
979,27.57,-0.4,359.41,0.00096,167.8,-35.5,-32.6,-2.0,-5.3,-1.1,0.00093696
980,27.47,-0.4,359.41,0.0009697,168.0,-35.4,-32.6,-2.1,-5.9,-1.0,0.0009503059999999999
981,27.37,-0.4,359.41,0.0009795,168.2,-35.3,-31.1,-2.2,-5.8,-0.9,0.0009599099999999999
982,27.27,-0.4,359.41,0.0009894,168.5,-35.1,-29.9,-2.3,-5.7,-1.1,0.000979506
983,27.17,-0.4,359.41,0.0009994,168.7,-35.0,-29.7,-2.4,-6.8,-1.2,0.0009884065999999998
984,27.07,-0.4,359.41,0.00101,168.9,-34.9,-29.8,-2.5,-6.8,-1.2,0.00099788
985,26.97,-0.4,359.41,0.00102,169.1,-34.7,-29.1,-2.6,-7.9,-0.9,0.0010087800000000001
986,26.87,-0.4,359.41,0.00103,169.3,-34.6,-30.1,-2.7,-8.3,-0.7,0.0010135200000000002
987,26.77,-0.4,359.41,0.001041,169.5,-34.5,-29.4,-2.8,-7.8,-0.7,0.001026426
988,26.67,-0.4,359.41,0.001051,169.7,-34.4,-29.1,-2.9,-8.8,-0.7,0.001035235
989,26.57,-0.4,359.41,0.001062,169.9,-34.2,-28.8,-3.0,-9.1,-0.8,0.001038636
990,26.47,-0.4,359.41,0.001073,170.2,-34.1,-28.9,-3.1,-10.5,-0.8,0.001045102
991,26.37,-0.4,359.41,0.001083,170.4,-34.0,-28.4,-3.2,-10.9,-0.8,0.001058091
992,26.27,-0.4,359.41,0.001094,170.6,-33.8,-29.2,-3.3,-10.2,-0.5,0.0010655559999999998
993,26.17,-0.4,359.41,0.001106,170.8,-33.7,-28.9,-3.4,-10.7,-0.5,0.001088304
994,26.07,-0.4,359.41,0.001117,171.0,-33.6,-28.0,-3.5,-11.7,-0.5,0.001096894
995,25.97,-0.4,359.41,0.001128,171.2,-33.4,-29.0,-3.6,-9.9,-0.6,0.001107696
996,25.87,-0.4,359.41,0.00114,171.4,-33.3,-30.3,-3.7,-10.0,-0.7,0.0011171999999999998
997,25.77,-0.4,359.41,0.001151,171.6,-33.2,-30.2,-3.8,-9.5,-0.6,0.0011314329999999998
998,25.67,-0.4,359.41,0.001163,171.9,-33.1,-31.0,-3.9,-8.7,-0.7,0.001124621
999,25.57,-0.4,359.41,0.001175,172.1,-32.9,-30.6,-4.0,-8.4,-0.8,0.0011374
1000,25.47,-0.4,359.41,0.001187,172.3,-32.8,-31.9,-4.1,-8.9,-1.0,0.0011585119999999998
1001,25.37,-0.4,359.41,0.001199,172.5,-32.7,-31.7,-4.2,-9.7,-0.8,0.001169025
1002,25.27,-0.4,359.41,0.001211,172.7,-32.5,-31.7,-4.3,-9.4,-0.6,0.001190413
1003,25.17,-0.4,359.41,0.001223,172.9,-32.4,-31.3,-4.4,-10.3,-0.6,0.001199763
1004,25.07,-0.4,359.41,0.001235,173.1,-32.3,-30.4,-4.5,-10.5,-0.7,0.001204125
1005,24.97,-0.4,359.41,0.001248,173.3,-32.1,-29.8,-4.6,-9.6,-0.8,0.001228032
1006,24.87,-0.4,359.41,0.00126,173.5,-31.9,-29.0,-4.6,-10.0,-1.0,0.00124488
1007,24.77,-0.4,359.41,0.001273,173.7,-31.6,-28.8,-4.6,-10.5,-1.0,0.001251359
1008,24.67,-0.4,359.41,0.001286,173.9,-31.4,-27.7,-4.6,-10.3,-1.1,0.001271854
1009,24.57,-0.4,359.41,0.001299,174.1,-31.2,-26.1,-4.7,-10.4,-1.2,0.001282113
1010,24.47,-0.4,359.41,0.001312,174.3,-31.0,-26.2,-4.7,-11.3,-1.2,0.001291008
1011,24.37,-0.4,359.42,0.001325,174.5,-30.7,-25.7,-4.7,-11.4,-1.1,0.001305125
1012,24.27,-0.4,359.42,0.001338,174.6,-30.5,-25.3,-4.8,-10.7,-1.3,0.001332648
1013,24.17,-0.4,359.42,0.001351,174.8,-30.3,-24.3,-4.8,-8.5,-1.5,0.001341543
1014,24.07,-0.4,359.42,0.001365,175.0,-30.0,-24.3,-4.8,-9.3,-1.6,0.001347255
1015,23.97,-0.4,359.42,0.001378,175.2,-29.8,-24.2,-4.9,-9.1,-1.5,0.001349062
1016,23.87,-0.4,359.42,0.001392,175.4,-29.6,-23.7,-4.9,-9.5,-1.4,0.001354416
1017,23.77,-0.4,359.42,0.001406,175.6,-29.3,-23.7,-4.9,-9.6,-1.3,0.00136382
1018,23.67,-0.4,359.42,0.00142,175.7,-29.1,-23.7,-4.9,-11.0,-1.5,0.0013845
1019,23.57,-0.4,359.42,0.001434,175.9,-28.9,-22.8,-5.0,-10.9,-1.4,0.001401018
1020,23.47,-0.4,359.42,0.001449,176.1,-28.6,-22.9,-5.0,-12.4,-1.6,0.0014156729999999999
1021,23.37,-0.4,359.42,0.001463,176.3,-28.4,-22.8,-5.0,-13.3,-1.5,0.0014337400000000002
1022,23.27,-0.4,359.42,0.001478,176.5,-28.2,-23.1,-5.1,-12.5,-1.6,0.001451396
1023,23.17,-0.4,359.42,0.001493,176.7,-27.9,-22.9,-5.1,-12.2,-1.3,0.001460154
1024,23.07,-0.4,359.42,0.001508,176.9,-27.7,-22.8,-5.1,-10.6,-1.4,0.001467284
1025,22.97,-0.4,359.42,0.001523,177.0,-27.5,-22.9,-5.2,-10.1,-1.4,0.001469695
1026,22.87,-0.4,359.42,0.001538,177.2,-27.2,-22.0,-5.2,-10.1,-1.3,0.001474942
1027,22.77,-0.4,359.42,0.001553,177.4,-27.0,-22.5,-5.2,-10.0,-1.3,0.0014877739999999999
1028,22.67,-0.4,359.42,0.001569,177.6,-26.8,-22.6,-5.2,-8.4,-1.2,0.001504671
1029,22.57,-0.4,359.42,0.001585,177.8,-26.5,-21.9,-5.3,-8.0,-1.1,0.00151843
1030,22.47,-0.4,359.42,0.001601,178.0,-26.3,-21.3,-5.3,-8.2,-1.0,0.001538561
1031,22.37,-0.4,359.42,0.001617,178.2,-26.1,-22.3,-5.3,-8.7,-1.1,0.0015507029999999998
1032,22.27,-0.4,359.42,0.001633,178.3,-25.8,-22.9,-5.4,-8.1,-1.1,0.0015513499999999997
1033,22.17,-0.4,359.42,0.001649,178.5,-25.6,-22.8,-5.4,-8.6,-1.2,0.001564901
1034,22.07,-0.4,359.42,0.001666,178.7,-25.4,-23.3,-5.4,-7.5,-1.1,0.0015826999999999998
1035,21.97,-0.4,359.42,0.001682,178.9,-25.1,-22.7,-5.5,-5.8,-1.0,0.0015962179999999997
1036,21.87,-0.4,359.42,0.001699,179.1,-24.9,-22.8,-5.5,-5.8,-1.0,0.001624244
1037,21.77,-0.4,359.42,0.001716,179.3,-24.7,-22.3,-5.5,-5.2,-0.9,0.001625052
1038,21.67,-0.4,359.42,0.001733,179.4,-24.4,-22.5,-5.5,-5.4,-0.8,0.0016307529999999998
1039,21.57,-0.4,359.42,0.001751,179.6,-24.2,-21.8,-5.6,-5.3,-1.1,0.001637185
1040,21.47,-0.4,359.42,0.001768,179.8,-24.0,-21.9,-5.6,-5.6,-1.0,0.001656616
1041,21.37,-0.4,359.42,0.001786,180.0,-23.7,-22.3,-5.6,-4.8,-1.0,0.001685984
1042,21.27,-0.4,359.42,0.001804,180.2,-23.5,-21.8,-5.7,-5.3,-1.0,0.001717408
1043,21.17,-0.4,359.42,0.001822,180.4,-23.3,-20.8,-5.7,-4.3,-1.2,0.001734544
1044,21.07,-0.4,359.42,0.00184,180.6,-23.0,-20.0,-5.7,-5.3,-1.2,0.00174984
1045,20.97,-0.4,359.42,0.001859,180.7,-22.8,-20.1,-5.8,-4.6,-1.3,0.0017716269999999998
1046,20.87,-0.4,359.42,0.001878,180.9,-22.6,-20.6,-5.8,-5.7,-1.3,0.001785978
1047,20.77,-0.4,359.42,0.001896,181.1,-22.3,-20.1,-5.8,-5.7,-1.1,0.0018049919999999998
1048,20.67,-0.4,359.42,0.001915,181.3,-22.1,-20.5,-5.8,-5.5,-1.3,0.00180393
1049,20.57,-0.4,359.42,0.001935,181.5,-21.9,-20.0,-5.9,-5.2,-1.4,0.001824705
1050,20.47,-0.4,359.42,0.001954,181.7,-21.6,-19.8,-5.9,-5.3,-1.4,0.0018504379999999998
1051,20.37,-0.4,359.42,0.001974,181.9,-21.4,-19.8,-5.9,-4.8,-1.3,0.001889118
1052,20.27,-0.4,359.42,0.001993,182.0,-21.2,-19.4,-6.0,-6.3,-1.5,0.0018853779999999998
1053,20.17,-0.4,359.42,0.002013,182.2,-20.9,-19.2,-6.0,-6.1,-1.5,0.001906311
1054,20.07,-0.4,359.42,0.002034,182.4,-20.7,-17.9,-6.0,-5.3,-1.4,0.0019322999999999996
1055,19.97,-0.4,359.42,0.002054,182.6,-20.4,-17.6,-6.0,-5.5,-1.6,0.0019574619999999997
1056,19.87,-0.4,359.42,0.002074,182.8,-20.0,-17.8,-6.0,-5.3,-1.7,0.001993114
1057,19.77,-0.4,359.42,0.002094,182.9,-19.5,-17.8,-5.9,-5.2,-1.9,0.0020081459999999997
1058,19.67,-0.4,359.42,0.002114,183.1,-19.1,-17.7,-5.8,-4.9,-1.8,0.002035782
1059,19.57,-0.4,359.42,0.002134,183.3,-18.6,-18.2,-5.7,-5.0,-1.8,0.002065712
1060,19.47,-0.4,359.42,0.002155,183.4,-18.2,-17.4,-5.7,-4.6,-1.8,0.0020968149999999997
1061,19.37,-0.4,359.42,0.002176,183.6,-17.8,-17.4,-5.6,-4.5,-2.0,0.002123776
1062,19.27,-0.4,359.42,0.002197,183.8,-17.3,-16.5,-5.5,-3.6,-2.1,0.002148666
1063,19.17,-0.4,359.42,0.002218,184.0,-16.9,-16.9,-5.4,-4.0,-1.9,0.0021692039999999997
1064,19.07,-0.4,359.42,0.00224,184.1,-16.4,-16.7,-5.4,-4.7,-1.8,0.0022086399999999996
1065,18.97,-0.4,359.42,0.002261,184.3,-16.0,-16.2,-5.3,-3.4,-1.7,0.002224824
1066,18.87,-0.4,359.42,0.002283,184.5,-15.6,-15.4,-5.2,-3.4,-1.6,0.0022419059999999997
1067,18.77,-0.4,359.42,0.002305,184.7,-15.1,-14.7,-5.1,-3.4,-1.5,0.0022473750000000002
1068,18.67,-0.4,359.42,0.002328,184.8,-14.7,-15.0,-5.1,-2.7,-1.5,0.002276784
1069,18.57,-0.4,359.42,0.00235,185.0,-14.2,-14.0,-5.0,-2.3,-1.4,0.00230535
1070,18.47,-0.4,359.42,0.002373,185.2,-13.8,-13.6,-4.9,-2.5,-1.4,0.002346897
1071,18.37,-0.4,359.42,0.002396,185.3,-13.3,-13.1,-4.8,-3.0,-1.4,0.002364852
1072,18.27,-0.4,359.42,0.002419,185.5,-12.9,-12.9,-4.8,-2.1,-1.4,0.0023948100000000003
1073,18.17,-0.4,359.42,0.002442,185.7,-12.5,-12.0,-4.7,-0.6,-1.5,0.002402928
1074,18.07,-0.4,359.42,0.002466,185.9,-12.0,-11.9,-4.6,-0.9,-1.4,0.00241668
1075,17.97,-0.4,359.42,0.00249,186.0,-11.6,-11.5,-4.5,-0.0,-1.4,0.00244269
1076,17.87,-0.4,359.42,0.002514,186.2,-11.1,-10.3,-4.5,0.2,-1.6,0.002481318
1077,17.77,-0.4,359.42,0.002538,186.4,-10.7,-9.5,-4.4,-0.5,-1.4,0.00249993
1078,17.67,-0.4,359.42,0.002563,186.6,-10.3,-8.7,-4.3,-0.2,-1.5,0.002529681
1079,17.57,-0.4,359.42,0.002588,186.7,-9.8,-9.4,-4.3,-1.5,-1.5,0.002554356
1080,17.47,-0.4,359.42,0.002613,186.9,-9.4,-9.3,-4.2,-1.3,-1.6,0.002589483
1081,17.37,-0.4,359.42,0.002638,187.1,-8.9,-9.1,-4.1,-1.0,-1.7,0.002616896
1082,17.27,-0.4,359.42,0.002664,187.2,-8.5,-8.7,-4.0,-0.3,-1.5,0.0026426880000000002
1083,17.17,-0.4,359.42,0.002689,187.4,-8.0,-8.4,-4.0,0.5,-1.4,0.0026567319999999998
1084,17.07,-0.4,359.42,0.002715,187.6,-7.6,-7.9,-3.9,0.7,-1.4,0.00270957
1085,16.97,-0.4,359.42,0.002742,187.8,-7.2,-7.2,-3.8,0.4,-1.1,0.002731032
1086,16.87,-0.4,359.42,0.002768,187.9,-6.7,-6.4,-3.7,0.7,-1.1,0.002751392
1087,16.77,-0.4,359.42,0.002795,188.1,-6.3,-6.3,-3.7,0.6,-1.2,0.0027614600000000003
1088,16.67,-0.4,359.42,0.002822,188.3,-5.8,-4.4,-3.6,0.4,-1.2,0.0027881359999999997
1089,16.57,-0.4,359.42,0.00285,188.5,-5.4,-3.0,-3.5,1.3,-1.2,0.00279585
1090,16.47,-0.4,359.42,0.002877,188.6,-4.9,-2.2,-3.4,0.0,-1.1,0.0028194599999999998
1091,16.37,-0.4,359.42,0.002905,188.8,-4.5,-2.3,-3.4,0.0,-1.3,0.002838185
1092,16.27,-0.4,359.42,0.002933,189.0,-4.1,-2.2,-3.3,0.8,-1.2,0.0028772729999999996
1093,16.17,-0.4,359.42,0.002962,189.1,-3.6,-3.0,-3.2,0.5,-1.0,0.0029175699999999995
1094,16.07,-0.4,359.42,0.00299,189.3,-3.2,-2.4,-3.1,0.1,-1.1,0.00295113
1095,15.97,-0.4,359.42,0.003019,189.5,-2.7,-2.2,-3.1,0.5,-1.2,0.0029676769999999997
1096,15.87,-0.4,359.42,0.003049,189.7,-2.3,-1.9,-3.0,0.3,-1.2,0.00298802
1097,15.77,-0.4,359.42,0.003078,189.8,-1.9,-1.9,-2.9,0.9,-1.0,0.003019518
1098,15.67,-0.4,359.42,0.003108,190.0,-1.4,-1.3,-2.9,1.1,-1.1,0.003058272
1099,15.57,-0.4,359.42,0.003138,190.2,-1.0,-1.4,-2.8,1.2,-1.1,0.003072102
1100,15.47,-0.4,359.42,0.003169,190.3,-0.5,0.0,-2.7,0.9,-1.0,0.0031119579999999997
1101,15.37,-0.4,359.42,0.003199,190.5,-0.1,0.6,-2.6,0.8,-0.9,0.003157413
1102,15.27,-0.4,359.43,0.00323,190.7,0.4,1.0,-2.6,0.8,-0.7,0.00317186
1103,15.17,-0.4,359.43,0.003262,190.9,0.8,0.9,-2.5,0.4,-0.7,0.003216332
1104,15.07,-0.4,359.43,0.003293,191.0,1.2,2.1,-2.4,1.0,-0.8,0.003237019
1105,14.97,-0.4,359.43,0.003325,191.2,1.6,1.6,-2.4,1.4,-0.8,0.0032651499999999996
1106,14.87,-0.4,359.43,0.003355,191.4,1.8,2.3,-2.3,1.2,-0.9,0.0032711249999999997
1107,14.77,-0.4,359.43,0.003386,191.6,2.0,2.8,-2.3,1.1,-0.9,0.003311508
1108,14.67,-0.4,359.43,0.003417,191.8,2.2,2.7,-2.3,1.6,-0.9,0.00334866
1109,14.57,-0.4,359.43,0.003448,192.0,2.5,2.8,-2.3,1.2,-0.9,0.003392832
1110,14.47,-0.4,359.43,0.003479,192.2,2.7,2.4,-2.2,1.2,-1.0,0.003430294
1111,14.37,-0.4,359.43,0.003511,192.3,2.9,2.3,-2.2,1.6,-1.0,0.0034653569999999996
1112,14.27,-0.4,359.43,0.003543,192.5,3.1,2.4,-2.2,1.6,-0.8,0.003511113
1113,14.17,-0.4,359.43,0.003576,192.7,3.3,2.2,-2.2,1.7,-0.7,0.0035473920000000003
1114,14.07,-0.4,359.43,0.003608,192.9,3.5,1.6,-2.2,2.0,-0.8,0.003597176
1115,13.97,-0.4,359.43,0.003641,193.1,3.7,2.8,-2.1,2.5,-0.7,0.003648282
1116,13.87,-0.4,359.43,0.003675,193.3,3.9,3.5,-2.1,2.7,-0.7,0.0036896999999999998
1117,13.77,-0.4,359.43,0.003708,193.5,4.1,3.6,-2.1,2.5,-0.7,0.003730248
1118,13.67,-0.4,359.43,0.003742,193.7,4.3,3.7,-2.1,2.2,-0.7,0.003768194
1119,13.57,-0.4,359.43,0.003776,193.8,4.6,4.3,-2.1,2.5,-0.6,0.0037873279999999995
1120,13.47,-0.4,359.43,0.003811,194.0,4.8,5.0,-2.0,1.7,-0.8,0.0038148109999999995
1121,13.37,-0.4,359.43,0.003846,194.2,5.0,4.9,-2.0,1.7,-0.8,0.003842154
1122,13.27,-0.4,359.43,0.003881,194.4,5.2,5.1,-2.0,2.0,-0.9,0.003877119
1123,13.17,-0.4,359.43,0.003916,194.6,5.4,4.9,-2.0,2.4,-0.9,0.003923832
1124,13.07,-0.4,359.43,0.003952,194.8,5.6,5.1,-1.9,2.4,-0.8,0.003967808
1125,12.97,-0.4,359.43,0.003988,195.0,5.8,5.7,-1.9,2.6,-0.8,0.003995976
1126,12.87,-0.4,359.43,0.004025,195.2,6.0,6.8,-1.9,2.7,-0.8,0.00403305
1127,12.77,-0.4,359.43,0.004062,195.3,6.2,7.7,-1.9,1.7,-0.7,0.004074186
1128,12.67,-0.4,359.43,0.004099,195.5,6.4,7.6,-1.9,2.2,-0.9,0.004119495
1129,12.57,-0.4,359.43,0.004136,195.7,6.7,7.2,-1.8,1.8,-0.9,0.00417736
1130,12.47,-0.4,359.43,0.004174,195.9,6.9,7.5,-1.8,1.4,-0.7,0.004232436
1131,12.37,-0.4,359.43,0.004212,196.1,7.1,7.8,-1.8,0.6,-0.7,0.004258331999999999
1132,12.27,-0.4,359.43,0.004251,196.3,7.3,8.3,-1.8,0.4,-0.7,0.004302012
1133,12.17,-0.4,359.43,0.00429,196.5,7.5,8.7,-1.8,1.0,-0.8,0.00430287
1134,12.07,-0.4,359.43,0.004329,196.6,7.7,8.4,-1.7,1.8,-0.8,0.004341987
1135,11.97,-0.4,359.43,0.004369,196.8,7.9,8.6,-1.7,1.6,-0.9,0.004377738
1136,11.87,-0.4,359.43,0.004409,197.0,8.1,8.5,-1.7,2.0,-0.8,0.004422226999999999
1137,11.77,-0.4,359.43,0.004449,197.2,8.3,9.0,-1.7,3.0,-0.8,0.004484592
1138,11.67,-0.4,359.43,0.00449,197.4,8.5,9.6,-1.7,2.9,-1.0,0.0045483699999999995
1139,11.57,-0.4,359.43,0.004531,197.6,8.8,9.2,-1.6,2.7,-1.1,0.004617089
1140,11.47,-0.4,359.43,0.004573,197.8,9.0,10.0,-1.6,3.2,-1.0,0.00466446
1141,11.37,-0.4,359.43,0.004615,198.0,9.2,9.9,-1.6,3.4,-1.1,0.0046888400000000005
1142,11.27,-0.4,359.43,0.004657,198.1,9.4,10.1,-1.6,3.6,-1.0,0.00475014
1143,11.17,-0.4,359.43,0.0047,198.3,9.6,10.8,-1.5,2.7,-1.1,0.0047752
1144,11.07,-0.4,359.43,0.004743,198.5,9.8,10.1,-1.5,2.7,-0.9,0.004847346
1145,10.97,-0.4,359.43,0.004786,198.7,10.0,9.7,-1.5,3.0,-0.9,0.004853004
1146,10.87,-0.4,359.43,0.00483,198.9,10.2,10.5,-1.5,3.0,-0.9,0.004892789999999999
1147,10.77,-0.4,359.43,0.004874,199.1,10.4,10.6,-1.5,2.5,-1.0,0.004937361999999999
1148,10.67,-0.4,359.43,0.004919,199.3,10.6,10.1,-1.4,1.9,-0.9,0.004982946999999999
1149,10.57,-0.4,359.43,0.004964,199.5,10.9,10.4,-1.4,1.5,-0.8,0.005018603999999999
1150,10.47,-0.4,359.43,0.00501,199.6,11.1,11.0,-1.4,1.2,-0.9,0.005065109999999999
1151,10.37,-0.4,359.43,0.005056,199.8,11.3,10.8,-1.4,0.8,-1.0,0.00510656
1152,10.27,-0.4,359.43,0.005102,200.0,11.5,10.9,-1.4,1.0,-0.8,0.005173428
1153,10.17,-0.4,359.43,0.005149,200.2,11.7,10.8,-1.3,1.0,-0.7,0.005226234999999999
1154,10.07,-0.4,359.43,0.005196,200.4,11.9,11.1,-1.3,0.8,-0.7,0.005253155999999999
1155,9.97,-0.4,359.43,0.005243,200.6,12.0,11.4,-1.3,0.6,-0.7,0.0053164020000000005
1156,9.87,-0.4,359.43,0.005288,200.8,11.9,10.6,-1.2,0.6,-0.7,0.00536732
1157,9.77,-0.4,359.43,0.005334,201.0,11.7,10.9,-1.2,1.2,-0.6,0.005408676
1158,9.67,-0.4,359.43,0.00538,201.2,11.6,11.3,-1.2,1.3,-0.5,0.00547146
1159,9.57,-0.4,359.43,0.005426,201.4,11.5,11.3,-1.1,1.3,-0.5,0.005501964000000001
1160,9.47,-0.4,359.43,0.005473,201.6,11.3,11.3,-1.1,1.4,-0.6,0.005538675999999999
1161,9.37,-0.4,359.43,0.005521,201.8,11.2,10.5,-1.0,2.0,-0.5,0.005609336
1162,9.27,-0.4,359.43,0.005568,202.0,11.0,10.6,-1.0,1.4,-0.5,0.005668224
1163,9.17,-0.4,359.43,0.005616,202.2,10.9,9.9,-0.9,1.5,-0.7,0.00572832
1164,9.07,-0.4,359.43,0.005665,202.4,10.8,9.5,-0.9,1.6,-0.7,0.00576697
1165,8.97,-0.4,359.43,0.005714,202.7,10.6,9.2,-0.8,1.8,-0.8,0.00579971
1166,8.87,-0.4,359.43,0.005763,202.9,10.5,8.9,-0.8,1.5,-0.8,0.0058840229999999995
1167,8.77,-0.4,359.43,0.005813,203.1,10.4,8.1,-0.7,1.2,-0.8,0.005923446999999999
1168,8.67,-0.4,359.43,0.005863,203.3,10.2,7.5,-0.7,1.1,-0.6,0.005968534
1169,8.57,-0.4,359.43,0.005914,203.5,10.1,7.6,-0.7,0.6,-0.5,0.006008624
1170,8.47,-0.4,359.43,0.005965,203.7,9.9,7.5,-0.6,0.4,-0.6,0.00604851
1171,8.37,-0.4,359.43,0.006017,203.9,9.8,7.2,-0.6,0.8,-0.6,0.0061132719999999995
1172,8.27,-0.4,359.43,0.006069,204.1,9.7,7.0,-0.5,0.2,-0.7,0.0061600349999999995
1173,8.17,-0.4,359.43,0.006121,204.3,9.5,7.1,-0.5,0.5,-0.7,0.006237298999999999
1174,8.07,-0.4,359.43,0.006174,204.5,9.4,7.2,-0.4,1.0,-0.5,0.006254261999999999
1175,7.97,-0.4,359.43,0.006228,204.7,9.2,6.1,-0.4,1.2,-0.6,0.00635256
1176,7.87,-0.4,359.43,0.006282,204.9,9.1,5.5,-0.3,1.4,-0.6,0.006413922
1177,7.77,-0.4,359.43,0.006336,205.1,9.0,6.2,-0.3,1.0,-0.7,0.006450048
1178,7.67,-0.4,359.43,0.006391,205.3,8.8,6.1,-0.2,1.2,-0.7,0.0065060380000000004
1179,7.57,-0.4,359.43,0.006446,205.5,8.7,5.6,-0.2,1.4,-0.9,0.006574920000000001
1180,7.47,-0.4,359.43,0.006502,205.7,8.5,5.7,-0.2,1.0,-0.9,0.006619036
1181,7.37,-0.4,359.43,0.006559,206.0,8.4,5.3,-0.1,0.8,-0.8,0.006657384999999999
1182,7.27,-0.4,359.43,0.006615,206.2,8.3,4.9,-0.1,0.6,-0.8,0.006694380000000001
1183,7.17,-0.4,359.43,0.006673,206.4,8.1,5.3,-0.0,1.1,-0.7,0.006759749
1184,7.07,-0.4,359.43,0.006731,206.6,8.0,5.6,0.0,1.4,-0.6,0.006838696
1185,6.97,-0.4,359.43,0.006789,206.8,7.9,5.2,0.1,1.7,-0.7,0.006890834999999999
1186,6.87,-0.4,359.43,0.006848,207.0,7.7,5.6,0.1,1.7,-0.7,0.006930176
1187,6.77,-0.4,359.43,0.006907,207.2,7.6,5.6,0.2,1.8,-0.7,0.007010605
1188,6.67,-0.4,359.43,0.006967,207.4,7.4,6.3,0.2,1.2,-0.8,0.007078472000000001
1189,6.57,-0.4,359.43,0.007027,207.6,7.3,6.4,0.2,1.7,-0.7,0.007139432
1190,6.47,-0.4,359.43,0.007088,207.8,7.2,6.0,0.3,1.9,-0.8,0.007173056
1191,6.37,-0.4,359.43,0.00715,208.0,7.0,5.6,0.3,2.0,-0.8,0.007271549999999999
1192,6.27,-0.4,359.43,0.007212,208.2,6.9,6.0,0.4,1.9,-0.7,0.00735624
1193,6.17,-0.4,359.44,0.007274,208.4,6.7,6.0,0.4,1.5,-0.8,0.007448576
1194,6.07,-0.4,359.44,0.007337,208.6,6.6,5.7,0.5,1.4,-0.9,0.007505750999999999
1195,5.97,-0.4,359.44,0.007401,208.8,6.5,4.9,0.5,1.0,-0.9,0.007586024999999999
1196,5.87,-0.4,359.44,0.007465,209.1,6.3,5.6,0.6,1.0,-0.8,0.00767402
1197,5.77,-0.4,359.44,0.00753,209.3,6.2,5.5,0.6,1.6,-0.8,0.00777849
1198,5.67,-0.4,359.44,0.007595,209.5,6.1,4.7,0.7,1.5,-0.9,0.007822850000000001
1199,5.57,-0.4,359.44,0.007661,209.7,5.9,5.5,0.7,1.1,-1.0,0.007883168999999999
