,HgtMOLA,LatPC,LonW,Denkgm3,Temp,EWind,EWTot,NWind,NWTot,VWind,DensP
0,125.44,-0.91,0.59,1.56e-09,122.3,16.2,25.7,18.0,33.2,-0.3,1.01556e-09
1,125.34,-0.91,0.59,1.585e-09,122.1,16.1,23.7,18.0,37.0,0.3,1.038175e-09
2,125.24,-0.91,0.59,1.61e-09,122.0,16.0,24.5,18.1,38.6,0.9,9.6117e-10
3,125.14,-0.91,0.59,1.635e-09,121.9,16.0,23.1,18.1,37.0,1.1,1.01697e-09
4,125.04,-0.91,0.59,1.661e-09,121.8,15.9,19.3,18.2,39.3,0.7,1.0215149999999999e-09
5,124.94,-0.91,0.59,1.688e-09,121.6,15.8,20.4,18.2,40.1,0.1,1.049936e-09
6,124.84,-0.91,0.59,1.714e-09,121.5,15.8,17.8,18.3,45.8,0.3,9.324160000000001e-10
7,124.74,-0.91,0.59,1.742e-09,121.4,15.7,16.6,18.3,45.9,0.8,8.65774e-10
8,124.64,-0.91,0.59,1.769e-09,121.3,15.6,14.1,18.4,48.7,0.4,8.04895e-10
9,124.54,-0.91,0.59,1.797e-09,121.1,15.6,13.7,18.4,48.6,0.8,8.338080000000001e-10
10,124.44,-0.91,0.59,1.826e-09,121.0,15.5,12.6,18.5,48.7,1.1,7.1214e-10
11,124.34,-0.91,0.59,1.855e-09,120.9,15.4,9.7,18.6,50.5,1.1,5.546449999999999e-10
12,124.24,-0.91,0.59,1.884e-09,120.8,15.4,7.8,18.6,48.5,1.8,6.72588e-10
13,124.14,-0.91,0.59,1.914e-09,120.6,15.3,5.4,18.7,46.4,2.2,5.627159999999999e-10
14,124.04,-0.91,0.59,1.944e-09,120.5,15.2,7.5,18.7,42.8,2.7,6.47352e-10
15,123.94,-0.91,0.59,1.975e-09,120.4,15.1,5.8,18.8,43.5,3.1,6.083e-10
16,123.84,-0.91,0.59,2.006e-09,120.3,15.1,4.2,18.8,43.7,3.1,6.53956e-10
17,123.74,-0.91,0.59,2.039e-09,120.1,15.0,7.1,18.8,41.2,3.1,7.48313e-10
18,123.64,-0.91,0.59,2.073e-09,120.0,14.9,8.6,18.8,42.2,2.6,7.71156e-10
19,123.54,-0.91,0.59,2.107e-09,119.9,14.8,9.4,18.8,44.8,2.4,8.933679999999999e-10
20,123.44,-0.91,0.59,2.143e-09,119.8,14.6,7.5,18.8,42.1,1.9,9.150610000000001e-10
21,123.34,-0.91,0.59,2.178e-09,119.6,14.5,6.3,18.8,40.0,1.9,9.49608e-10
22,123.24,-0.91,0.59,2.215e-09,119.5,14.4,3.7,18.8,40.0,2.0,1.025545e-09
23,123.14,-0.91,0.59,2.252e-09,119.4,14.3,6.3,18.8,38.1,2.2,1.065196e-09
24,123.04,-0.91,0.59,2.29e-09,119.3,14.2,2.4,18.8,35.5,2.5,1.07172e-09
25,122.94,-0.91,0.59,2.328e-09,119.2,14.0,4.2,18.8,35.7,2.0,1.3432559999999997e-09
26,122.84,-0.91,0.59,2.367e-09,119.0,13.9,1.7,18.8,36.1,1.6,1.4486040000000002e-09
27,122.74,-0.91,0.59,2.406e-09,118.9,13.8,5.6,18.8,37.7,1.7,1.556682e-09
28,122.64,-0.91,0.59,2.447e-09,118.8,13.7,2.4,18.8,32.7,0.7,1.634596e-09
29,122.54,-0.91,0.59,2.487e-09,118.7,13.6,1.5,18.8,35.5,0.9,1.6389330000000002e-09
30,122.44,-0.91,0.59,2.529e-09,118.5,13.4,6.0,18.8,34.3,1.2,1.5452189999999999e-09
31,122.34,-0.91,0.59,2.571e-09,118.4,13.3,2.5,18.8,38.2,1.4,1.637727e-09
32,122.24,-0.91,0.59,2.614e-09,118.3,13.2,-0.2,18.8,36.3,0.7,1.6572759999999999e-09
33,122.14,-0.91,0.6,2.658e-09,118.2,13.1,-2.7,18.8,34.3,1.1,1.7463060000000001e-09
34,122.04,-0.91,0.6,2.703e-09,118.0,13.0,-2.2,18.8,36.5,1.1,1.743435e-09
35,121.94,-0.91,0.6,2.748e-09,117.9,12.8,-6.0,18.8,34.4,1.3,1.931844e-09
36,121.84,-0.91,0.6,2.794e-09,117.8,12.7,-8.2,18.8,36.2,1.4,1.989328e-09
37,121.74,-0.91,0.6,2.841e-09,117.7,12.6,-9.1,18.8,38.1,1.0,1.710282e-09
38,121.64,-0.91,0.6,2.888e-09,117.6,12.5,-8.6,18.8,38.0,0.8,1.802112e-09
39,121.54,-0.91,0.6,2.936e-09,117.4,12.4,-8.5,18.8,39.7,0.7,1.855552e-09
40,121.44,-0.91,0.6,2.986e-09,117.3,12.2,-10.2,18.8,39.9,0.8,1.7527819999999998e-09
41,121.34,-0.91,0.6,3.036e-09,117.2,12.1,-8.1,18.8,39.5,0.8,1.924824e-09
42,121.24,-0.91,0.6,3.086e-09,117.1,12.0,-11.4,18.8,39.9,1.0,1.891718e-09
43,121.14,-0.91,0.6,3.138e-09,116.9,11.9,-12.0,18.8,42.0,1.1,1.86711e-09
44,121.04,-0.91,0.6,3.191e-09,116.8,11.8,-19.0,18.8,39.5,0.6,1.8475889999999997e-09
45,120.94,-0.91,0.6,3.244e-09,116.7,11.6,-21.5,18.8,42.9,0.6,1.868544e-09
46,120.84,-0.91,0.6,3.298e-09,116.6,11.5,-21.3,18.8,43.8,0.7,1.701768e-09
47,120.74,-0.91,0.6,3.354e-09,116.5,11.4,-24.6,18.8,44.6,1.2,1.7541420000000001e-09
48,120.64,-0.91,0.6,3.41e-09,116.3,11.3,-20.9,18.8,43.8,0.4,1.72887e-09
49,120.54,-0.91,0.6,3.467e-09,116.2,11.2,-20.3,18.8,41.3,-0.0,1.5462820000000002e-09
50,120.44,-0.91,0.6,3.525e-09,116.1,11.0,-18.0,18.8,39.6,0.1,1.6567499999999999e-09
51,120.34,-0.91,0.6,3.584e-09,116.0,10.9,-13.7,18.8,44.6,0.4,1.637888e-09
52,120.24,-0.91,0.6,3.644e-09,115.8,10.8,-11.9,18.8,43.4,-0.3,1.7673399999999998e-09
53,120.14,-0.91,0.6,3.705e-09,115.7,10.7,-15.2,18.8,43.8,-0.2,1.7821049999999998e-09
54,120.04,-0.91,0.6,3.767e-09,115.6,10.6,-16.8,18.8,47.6,-0.4,1.8835e-09
55,119.94,-0.91,0.6,3.83e-09,115.5,10.4,-16.1,18.8,49.3,-0.1,2.04139e-09
56,119.84,-0.91,0.6,3.895e-09,115.3,10.3,-16.8,18.8,46.0,0.8,1.95529e-09
57,119.74,-0.91,0.6,3.96e-09,115.2,10.2,-15.3,18.8,44.3,0.8,2.0512800000000004e-09
58,119.64,-0.91,0.6,4.026e-09,115.1,10.1,-14.2,18.8,44.4,1.2,1.69092e-09
59,119.54,-0.91,0.6,4.094e-09,115.0,10.0,-10.1,18.8,48.6,1.0,1.666258e-09
60,119.44,-0.91,0.6,4.163e-09,114.9,9.8,-8.6,18.8,49.4,1.4,1.9649359999999996e-09
61,119.34,-0.91,0.6,4.232e-09,114.7,9.7,-5.9,18.8,48.1,1.5,1.9044e-09
62,119.24,-0.91,0.6,4.303e-09,114.6,9.6,-7.3,18.8,47.6,0.8,1.983683e-09
63,119.14,-0.91,0.6,4.376e-09,114.5,9.5,-6.4,18.8,51.7,-0.0,1.886056e-09
64,119.04,-0.91,0.6,4.449e-09,114.4,9.4,-6.0,18.8,51.2,0.5,1.975356e-09
65,118.94,-0.91,0.6,4.524e-09,114.2,9.2,-7.0,18.8,50.4,1.0,1.9679399999999997e-09
66,118.84,-0.91,0.6,4.6e-09,114.1,9.1,-8.4,18.8,49.0,0.1,2.1666e-09
67,118.74,-0.91,0.6,4.677e-09,114.0,9.0,-13.2,18.8,49.5,-0.1,1.622919e-09
68,118.64,-0.91,0.6,4.755e-09,114.0,8.8,-10.5,18.7,49.9,0.3,1.82592e-09
69,118.54,-0.91,0.6,4.834e-09,113.9,8.7,-10.4,18.6,49.7,1.0,2.0737859999999997e-09
70,118.44,-0.91,0.6,4.915e-09,113.8,8.6,-10.2,18.5,50.7,0.5,2.30022e-09
71,118.34,-0.91,0.6,4.997e-09,113.8,8.4,-8.1,18.5,50.5,1.4,2.343593e-09
72,118.24,-0.91,0.6,5.081e-09,113.7,8.3,-6.3,18.4,53.2,1.2,2.443961e-09
73,118.14,-0.91,0.6,5.166e-09,113.7,8.1,-7.8,18.3,54.9,1.0,2.691486e-09
74,118.04,-0.91,0.6,5.252e-09,113.6,8.0,-8.9,18.2,57.1,1.8,2.28462e-09
75,117.94,-0.91,0.6,5.34e-09,113.5,7.8,-8.9,18.2,53.9,1.1,2.51514e-09
76,117.84,-0.91,0.6,5.43e-09,113.5,7.7,-6.1,18.1,54.1,0.8,2.21001e-09
77,117.74,-0.91,0.6,5.52e-09,113.4,7.5,-5.9,18.0,55.7,1.4,2.48952e-09
78,117.64,-0.91,0.6,5.613e-09,113.3,7.4,-4.2,17.9,54.1,1.2,2.660562e-09
79,117.54,-0.91,0.6,5.707e-09,113.3,7.2,-0.7,17.9,51.8,1.0,2.551029e-09
80,117.44,-0.91,0.6,5.802e-09,113.2,7.1,0.7,17.8,54.1,1.1,3.098268e-09
81,117.34,-0.91,0.6,5.899e-09,113.2,6.9,-0.2,17.7,56.9,2.0,3.2208540000000005e-09
82,117.24,-0.91,0.6,5.998e-09,113.1,6.8,-3.4,17.6,57.3,2.2,3.2989000000000003e-09
83,117.14,-0.91,0.6,6.098e-09,113.0,6.7,0.1,17.6,54.6,1.4,3.4209780000000005e-09
84,117.04,-0.91,0.6,6.2e-09,113.0,6.5,-3.1,17.5,53.7,1.2,3.6456e-09
85,116.94,-0.91,0.6,6.304e-09,112.9,6.4,-2.1,17.4,54.5,0.2,3.921088e-09
86,116.84,-0.91,0.6,6.41e-09,112.9,6.2,-0.2,17.4,50.6,0.6,4.3588e-09
87,116.74,-0.91,0.6,6.517e-09,112.8,6.1,0.2,17.3,49.2,0.5,4.30122e-09
88,116.64,-0.91,0.6,6.626e-09,112.7,5.9,0.1,17.2,49.0,0.5,4.181006e-09
89,116.54,-0.91,0.6,6.737e-09,112.7,5.8,-2.2,17.1,48.9,0.6,4.466631e-09
90,116.44,-0.91,0.6,6.85e-09,112.6,5.6,0.1,17.1,46.0,0.1,4.575800000000001e-09
91,116.34,-0.91,0.6,6.965e-09,112.5,5.5,-0.9,17.0,44.2,0.9,4.367055e-09
92,116.24,-0.91,0.6,7.081e-09,112.5,5.3,0.1,16.9,42.4,0.5,4.538921e-09
93,116.14,-0.91,0.6,7.2e-09,112.4,5.2,0.2,16.8,39.8,0.4,4.2984e-09
94,116.04,-0.91,0.6,7.32e-09,112.4,5.1,-0.8,16.8,40.0,-0.4,4.49448e-09
95,115.94,-0.91,0.6,7.443e-09,112.3,4.9,-1.8,16.7,39.0,0.4,4.800735e-09
96,115.84,-0.91,0.6,7.568e-09,112.2,4.8,1.3,16.6,38.8,0.9,4.38944e-09
97,115.74,-0.91,0.6,7.694e-09,112.2,4.6,1.5,16.5,42.1,-0.3,4.7164219999999995e-09
98,115.64,-0.91,0.6,7.823e-09,112.1,4.5,2.6,16.5,38.5,-0.6,5.1710030000000006e-09
99,115.54,-0.91,0.6,7.954e-09,112.1,4.3,7.1,16.4,36.8,0.2,4.915572e-09
100,115.44,-0.91,0.6,8.088e-09,112.0,4.2,7.0,16.3,38.4,-0.5,5.362344e-09
101,115.34,-0.91,0.6,8.223e-09,111.9,4.0,7.2,16.2,40.6,-0.8,5.558748e-09
102,115.24,-0.91,0.6,8.361e-09,111.9,3.9,6.6,16.2,41.4,-0.4,5.827617e-09
103,115.14,-0.91,0.6,8.501e-09,111.8,3.7,6.9,16.1,41.0,-0.8,6.503265e-09
104,115.04,-0.91,0.6,8.644e-09,111.7,3.6,3.6,16.0,37.3,-0.9,6.837404e-09
105,114.94,-0.91,0.6,8.788e-09,111.7,3.5,5.0,16.0,36.0,-0.9,7.2852520000000005e-09
106,114.84,-0.91,0.6,8.936e-09,111.6,3.3,3.5,15.9,34.5,-0.9,7.586663999999999e-09
107,114.74,-0.91,0.6,9.085e-09,111.6,3.2,1.2,15.8,32.9,-1.1,7.88578e-09
108,114.64,-0.91,0.6,9.238e-09,111.5,3.0,1.1,15.7,33.8,-1.7,8.59134e-09
109,114.54,-0.91,0.6,9.393e-09,111.4,2.9,4.2,15.7,32.2,-1.1,9.036066e-09
110,114.44,-0.91,0.6,9.55e-09,111.4,2.7,6.2,15.6,31.8,-1.3,9.206199999999999e-09
111,114.34,-0.91,0.6,9.71e-09,111.3,2.6,6.7,15.5,31.9,-2.1,9.4187e-09
112,114.24,-0.91,0.6,9.873e-09,111.3,2.4,2.3,15.4,33.9,-1.7,9.557064e-09
113,114.14,-0.91,0.6,1.004e-08,111.2,2.3,4.4,15.4,32.1,-1.5,1.0130359999999998e-08
114,114.04,-0.91,0.6,1.021e-08,111.1,2.1,4.3,15.3,33.1,-1.6,1.00058e-08
115,113.94,-0.91,0.6,1.038e-08,111.1,2.0,5.8,15.2,31.5,-2.1,1.0328099999999999e-08
116,113.84,-0.91,0.6,1.055e-08,111.0,1.9,7.4,15.1,28.4,-1.9,1.011745e-08
117,113.74,-0.91,0.6,1.073e-08,111.0,1.7,10.2,15.1,27.9,-2.2,9.732110000000001e-09
118,113.64,-0.91,0.6,1.09e-08,111.0,1.6,9.9,14.9,31.8,-2.3,9.9299e-09
119,113.54,-0.91,0.6,1.108e-08,111.0,1.5,11.9,14.8,33.2,-1.9,1.00828e-08
120,113.44,-0.91,0.6,1.126e-08,111.0,1.4,9.9,14.7,34.5,-1.6,9.379579999999999e-09
121,113.34,-0.91,0.6,1.144e-08,111.0,1.3,9.1,14.6,35.1,-1.7,1.034176e-08
122,113.24,-0.91,0.6,1.163e-08,111.1,1.3,8.2,14.5,33.7,-1.8,1.107176e-08
123,113.14,-0.91,0.6,1.182e-08,111.1,1.2,10.3,14.4,34.4,-1.9,1.0791659999999999e-08
124,113.04,-0.91,0.61,1.201e-08,111.1,1.1,9.8,14.2,31.5,-1.6,1.208206e-08
125,112.94,-0.91,0.61,1.22e-08,111.1,1.0,15.2,14.1,31.9,-1.4,1.3310199999999999e-08
126,112.84,-0.91,0.61,1.24e-08,111.1,0.9,16.4,14.0,36.4,-1.5,1.3702e-08
127,112.74,-0.91,0.61,1.26e-08,111.2,0.8,17.6,13.9,37.2,-1.6,1.4956200000000003e-08
128,112.64,-0.91,0.61,1.281e-08,111.2,0.7,18.1,13.8,36.5,-2.3,1.4846790000000001e-08
129,112.54,-0.91,0.61,1.301e-08,111.2,0.6,14.5,13.7,35.9,-2.0,1.541685e-08
130,112.44,-0.91,0.61,1.323e-08,111.2,0.5,12.8,13.5,34.2,-2.1,1.496313e-08
131,112.34,-0.91,0.61,1.344e-08,111.2,0.4,16.3,13.4,33.7,-1.9,1.474368e-08
132,112.24,-0.91,0.61,1.366e-08,111.3,0.3,16.8,13.3,30.9,-1.6,1.415176e-08
133,112.14,-0.91,0.61,1.388e-08,111.3,0.2,15.7,13.2,29.5,-1.2,1.4809959999999999e-08
134,112.04,-0.91,0.61,1.411e-08,111.3,0.1,15.0,13.1,29.4,-1.3,1.5436340000000003e-08
135,111.94,-0.91,0.61,1.434e-08,111.3,0.0,17.3,13.0,27.7,-0.7,1.6175519999999998e-08
136,111.84,-0.91,0.61,1.457e-08,111.3,-0.1,15.6,12.9,29.7,-1.4,1.652238e-08
137,111.74,-0.91,0.61,1.481e-08,111.4,-0.2,14.9,12.7,30.3,-1.7,1.774238e-08
138,111.64,-0.91,0.61,1.505e-08,111.4,-0.3,12.1,12.6,29.9,-1.6,1.7006499999999997e-08
139,111.54,-0.91,0.61,1.529e-08,111.4,-0.4,14.9,12.5,28.7,-1.1,1.723183e-08
140,111.44,-0.91,0.61,1.554e-08,111.4,-0.5,16.9,12.4,27.7,-1.1,1.759128e-08
141,111.34,-0.91,0.61,1.579e-08,111.4,-0.6,17.3,12.3,28.5,-1.4,1.78427e-08
142,111.24,-0.91,0.61,1.605e-08,111.5,-0.7,17.4,12.2,28.0,-1.5,1.786365e-08
143,111.14,-0.91,0.61,1.631e-08,111.5,-0.7,17.6,12.0,31.5,-1.9,1.8495539999999998e-08
144,111.04,-0.91,0.61,1.657e-08,111.5,-0.8,17.3,11.9,29.6,-1.1,1.9022359999999996e-08
145,110.94,-0.91,0.61,1.684e-08,111.5,-0.9,15.4,11.8,32.8,-0.4,1.992172e-08
146,110.84,-0.91,0.61,1.712e-08,111.5,-1.0,16.3,11.7,31.9,-0.8,2.143424e-08
147,110.74,-0.91,0.61,1.739e-08,111.6,-1.1,16.5,11.6,30.9,-0.4,2.338955e-08
148,110.64,-0.91,0.61,1.768e-08,111.6,-1.2,18.0,11.5,31.0,-0.7,2.3302240000000003e-08
149,110.54,-0.91,0.61,1.796e-08,111.6,-1.3,20.9,11.3,32.8,-0.8,2.3401879999999998e-08
150,110.44,-0.91,0.61,1.826e-08,111.6,-1.4,17.5,11.2,31.3,-1.2,2.452318e-08
151,110.34,-0.91,0.61,1.855e-08,111.6,-1.5,15.5,11.1,30.7,-0.8,2.3539949999999998e-08
152,110.24,-0.91,0.61,1.885e-08,111.6,-1.6,18.5,11.0,30.3,-0.3,2.606955e-08
153,110.14,-0.91,0.61,1.916e-08,111.7,-1.7,13.4,10.9,29.5,-0.4,2.5808520000000002e-08
154,110.04,-0.91,0.61,1.947e-08,111.7,-1.8,6.5,10.8,30.7,0.3,2.661549e-08
155,109.94,-0.91,0.61,1.979e-08,111.7,-1.9,5.8,10.7,29.5,-0.0,2.628112e-08
156,109.84,-0.91,0.61,2.011e-08,111.7,-2.0,5.0,10.5,28.4,-0.2,2.658542e-08
157,109.74,-0.91,0.61,2.044e-08,111.7,-2.1,7.3,10.4,31.2,-1.1,2.5693079999999996e-08
158,109.64,-0.91,0.61,2.077e-08,111.8,-2.2,6.2,10.3,27.2,-0.4,2.5692490000000003e-08
159,109.54,-0.91,0.61,2.111e-08,111.8,-2.3,4.8,10.2,27.4,-0.1,2.355876e-08
160,109.44,-0.91,0.61,2.145e-08,111.8,-2.4,4.7,10.1,29.4,-0.3,2.3101649999999998e-08
161,109.34,-0.91,0.61,2.18e-08,111.8,-2.5,6.0,10.0,26.7,-0.6,2.3718400000000003e-08
162,109.24,-0.91,0.61,2.215e-08,111.8,-2.6,8.3,9.8,25.5,-0.6,2.54725e-08
163,109.14,-0.91,0.61,2.251e-08,111.9,-2.6,10.6,9.7,27.6,-0.2,2.550383e-08
164,109.04,-0.91,0.61,2.288e-08,111.9,-2.7,12.3,9.6,29.0,0.3,2.43672e-08
165,108.94,-0.91,0.61,2.325e-08,111.9,-2.8,10.5,9.5,30.7,0.4,2.243625e-08
166,108.84,-0.91,0.61,2.363e-08,111.9,-2.9,12.6,9.4,33.9,0.3,2.313377e-08
167,108.74,-0.91,0.61,2.4e-08,112.0,-3.0,17.6,9.3,36.4,0.8,2.4407999999999996e-08
168,108.64,-0.91,0.61,2.437e-08,112.0,-3.0,17.2,9.2,37.8,1.0,2.649019e-08
169,108.54,-0.91,0.61,2.475e-08,112.1,-3.1,15.3,9.0,36.2,0.6,2.6210249999999998e-08
170,108.44,-0.91,0.61,2.513e-08,112.2,-3.1,9.9,8.9,36.5,0.3,2.490383e-08
171,108.34,-0.91,0.61,2.552e-08,112.3,-3.1,8.0,8.8,36.7,0.5,2.7638159999999997e-08
172,108.24,-0.91,0.61,2.591e-08,112.4,-3.1,6.9,8.7,35.9,1.0,2.9459669999999998e-08
173,108.14,-0.91,0.61,2.631e-08,112.4,-3.2,7.0,8.6,38.7,1.4,2.825694e-08
174,108.04,-0.91,0.61,2.672e-08,112.5,-3.2,6.3,8.5,39.7,1.4,3.027376e-08
175,107.94,-0.91,0.61,2.713e-08,112.6,-3.2,6.0,8.4,41.8,1.7,2.8622149999999998e-08
176,107.84,-0.91,0.61,2.754e-08,112.7,-3.2,6.2,8.2,41.3,1.1,3.0018600000000004e-08
177,107.74,-0.91,0.61,2.797e-08,112.8,-3.3,9.1,8.1,42.4,0.9,3.233332e-08
178,107.64,-0.91,0.61,2.84e-08,112.8,-3.3,5.9,8.0,37.8,1.6,3.3597200000000004e-08
179,107.54,-0.91,0.61,2.884e-08,112.9,-3.3,8.1,7.9,35.4,0.9,3.6396079999999996e-08
180,107.44,-0.91,0.61,2.928e-08,113.0,-3.3,11.3,7.8,36.2,0.9,3.5136e-08
181,107.34,-0.91,0.61,2.973e-08,113.1,-3.4,11.4,7.7,36.7,1.3,3.7846289999999993e-08
182,107.24,-0.91,0.61,3.019e-08,113.2,-3.4,12.7,7.6,33.7,1.0,3.770731000000001e-08
183,107.14,-0.91,0.61,3.066e-08,113.2,-3.4,11.2,7.4,31.9,1.7,3.841697999999999e-08
184,107.04,-0.91,0.61,3.113e-08,113.3,-3.4,9.3,7.3,28.9,1.2,3.757391000000001e-08
185,106.94,-0.91,0.61,3.161e-08,113.4,-3.5,13.9,7.2,26.7,1.4,3.881708e-08
186,106.84,-0.91,0.61,3.209e-08,113.5,-3.5,14.8,7.1,22.1,1.2,4.0337129999999994e-08
187,106.74,-0.91,0.61,3.259e-08,113.6,-3.5,12.3,7.0,24.7,0.5,3.744591e-08
188,106.64,-0.91,0.61,3.309e-08,113.7,-3.5,13.0,6.9,22.2,0.4,3.659754000000001e-08
189,106.54,-0.91,0.61,3.36e-08,113.7,-3.6,13.8,6.8,23.5,0.1,3.756480000000001e-08
190,106.44,-0.91,0.61,3.412e-08,113.8,-3.6,14.5,6.7,25.0,0.0,3.688372e-08
191,106.34,-0.91,0.61,3.464e-08,113.9,-3.6,11.1,6.5,24.7,0.5,3.893536e-08
192,106.24,-0.91,0.61,3.518e-08,114.0,-3.7,11.3,6.4,28.1,0.9,4.02811e-08
193,106.14,-0.91,0.61,3.572e-08,114.1,-3.7,9.5,6.3,26.2,1.4,4.443568e-08
194,106.04,-0.91,0.61,3.627e-08,114.1,-3.7,8.4,6.2,23.8,1.3,4.537376999999999e-08
195,105.94,-0.91,0.61,3.683e-08,114.2,-3.7,9.3,6.1,24.1,0.6,4.3459399999999994e-08
196,105.84,-0.91,0.61,3.74e-08,114.3,-3.8,10.4,6.0,25.2,0.5,4.338399999999999e-08
197,105.74,-0.91,0.61,3.797e-08,114.4,-3.8,8.6,5.9,24.6,0.1,4.358956e-08
198,105.64,-0.91,0.61,3.856e-08,114.5,-3.8,5.6,5.7,23.3,0.1,4.210752000000001e-08
199,105.54,-0.91,0.61,3.915e-08,114.5,-3.8,3.4,5.6,23.4,-0.3,4.314330000000001e-08
200,105.44,-0.91,0.61,3.976e-08,114.6,-3.9,3.2,5.5,24.3,0.1,4.75132e-08
201,105.34,-0.91,0.61,4.037e-08,114.7,-3.9,3.5,5.4,21.4,0.5,4.933213999999999e-08
202,105.24,-0.91,0.61,4.099e-08,114.8,-3.9,6.8,5.3,19.7,0.5,5.152443e-08
203,105.14,-0.91,0.61,4.162e-08,114.9,-3.9,8.3,5.2,19.4,0.2,5.2191479999999995e-08
204,105.04,-0.91,0.61,4.227e-08,114.9,-4.0,7.2,5.1,17.2,0.1,5.085081e-08
205,104.94,-0.91,0.61,4.292e-08,115.0,-4.0,7.9,5.0,20.0,0.4,4.9358e-08
206,104.84,-0.91,0.61,4.358e-08,115.1,-4.0,8.8,4.8,22.5,0.3,5.478005999999999e-08
207,104.74,-0.91,0.61,4.425e-08,115.2,-4.0,8.6,4.7,22.2,0.2,5.703825e-08
208,104.64,-0.91,0.61,4.493e-08,115.3,-4.1,8.4,4.6,24.8,-0.1,6.389046e-08
209,104.54,-0.91,0.61,4.563e-08,115.3,-4.1,10.8,4.5,27.5,0.1,6.383637e-08
210,104.44,-0.91,0.61,4.633e-08,115.4,-4.1,10.4,4.4,24.7,0.7,6.259183e-08
211,104.34,-0.91,0.61,4.705e-08,115.5,-4.1,12.1,4.3,25.6,0.9,6.445850000000001e-08
212,104.24,-0.91,0.61,4.777e-08,115.6,-4.2,14.1,4.2,21.9,0.5,6.945758e-08
213,104.14,-0.91,0.61,4.851e-08,115.7,-4.2,11.1,4.0,21.5,-0.0,7.048503e-08
214,104.04,-0.91,0.61,4.926e-08,115.7,-4.2,15.8,3.9,22.4,-0.0,7.270776e-08
215,103.94,-0.91,0.62,5.002e-08,115.8,-4.2,13.0,3.8,22.2,-0.3,7.087834e-08
216,103.84,-0.91,0.62,5.079e-08,115.9,-4.3,11.8,3.7,22.1,-0.5,7.613421e-08
217,103.74,-0.91,0.62,5.156e-08,116.0,-4.3,10.9,3.6,22.4,-0.5,7.734e-08
218,103.64,-0.91,0.62,5.232e-08,116.1,-4.3,12.4,3.5,23.2,-1.0,7.9788e-08
219,103.54,-0.91,0.62,5.31e-08,116.2,-4.3,11.7,3.4,21.8,-1.0,8.38449e-08
220,103.44,-0.91,0.62,5.389e-08,116.3,-4.2,11.4,3.3,21.0,-0.7,8.606233e-08
221,103.34,-0.91,0.62,5.468e-08,116.4,-4.2,7.8,3.2,21.1,-0.2,8.743332e-08
222,103.24,-0.91,0.62,5.55e-08,116.4,-4.2,8.0,3.1,21.4,0.2,8.9466e-08
223,103.14,-0.91,0.62,5.632e-08,116.5,-4.2,12.2,3.0,20.4,0.8,9.106944e-08
224,103.04,-0.91,0.62,5.715e-08,116.6,-4.2,10.3,2.9,20.3,0.2,9.138284999999999e-08
225,102.94,-0.91,0.62,5.8e-08,116.7,-4.2,11.1,2.8,23.0,0.4,9.668600000000001e-08
226,102.84,-0.91,0.62,5.886e-08,116.8,-4.2,6.6,2.7,21.4,0.1,1.0012086000000001e-07
227,102.74,-0.91,0.62,5.973e-08,116.9,-4.1,6.8,2.7,18.4,0.7,1.0022694000000001e-07
228,102.64,-0.91,0.62,6.062e-08,117.0,-4.1,8.2,2.6,19.0,0.6,1.0178098e-07
229,102.54,-0.91,0.62,6.152e-08,117.1,-4.1,12.0,2.5,16.9,0.6,9.806288e-08
230,102.44,-0.91,0.62,6.243e-08,117.2,-4.1,13.4,2.4,14.2,1.0,9.820239e-08
231,102.34,-0.91,0.62,6.336e-08,117.3,-4.1,12.5,2.3,13.4,0.8,1.0169280000000001e-07
232,102.24,-0.91,0.62,6.43e-08,117.4,-4.1,13.3,2.2,11.8,0.9,1.0365160000000001e-07
233,102.14,-0.91,0.62,6.525e-08,117.5,-4.1,12.9,2.1,10.2,1.6,1.0041975e-07
234,102.04,-0.91,0.62,6.622e-08,117.6,-4.0,14.9,2.0,9.7,1.6,9.906511999999999e-08
235,101.94,-0.91,0.62,6.72e-08,117.6,-4.0,12.7,1.9,8.4,1.5,1.008672e-07
236,101.84,-0.91,0.62,6.82e-08,117.7,-4.0,12.2,1.8,8.1,1.3,9.827620000000001e-08
237,101.74,-0.91,0.62,6.921e-08,117.8,-4.0,14.9,1.7,3.9,0.8,9.993923999999999e-08
238,101.64,-0.91,0.62,7.023e-08,117.9,-4.0,15.6,1.6,3.7,0.8,1.0232511e-07
239,101.54,-0.91,0.62,7.128e-08,118.0,-4.0,12.2,1.5,4.2,0.0,1.0435392e-07
240,101.44,-0.91,0.62,7.233e-08,118.1,-4.0,13.2,1.4,5.8,-0.3,1.0118967e-07
241,101.34,-0.91,0.62,7.341e-08,118.2,-3.9,12.2,1.3,9.2,-0.4,1.0189307999999998e-07
242,101.24,-0.91,0.62,7.45e-08,118.3,-3.9,10.3,1.2,9.2,-0.1,1.0579e-07
243,101.14,-0.91,0.62,7.56e-08,118.4,-3.9,8.5,1.1,11.8,-0.6,1.078056e-07
244,101.04,-0.91,0.62,7.672e-08,118.5,-3.9,8.3,1.1,9.3,-0.3,1.0940272e-07
245,100.94,-0.91,0.62,7.786e-08,118.6,-3.9,8.3,1.0,9.5,-0.4,1.0464384000000001e-07
246,100.84,-0.91,0.62,7.902e-08,118.7,-3.9,11.7,0.9,7.8,-0.3,1.0375325999999999e-07
247,100.74,-0.91,0.62,8.019e-08,118.7,-3.9,12.7,0.8,4.4,-1.0,1.0136016000000001e-07
248,100.64,-0.91,0.62,8.138e-08,118.8,-3.8,13.0,0.7,3.5,-0.7,9.814428e-08
249,100.54,-0.91,0.62,8.259e-08,118.9,-3.8,14.0,0.6,3.8,-0.7,9.506109e-08
250,100.44,-0.91,0.62,8.381e-08,119.0,-3.8,11.1,0.5,1.5,-1.0,9.973389999999999e-08
251,100.34,-0.91,0.62,8.506e-08,119.1,-3.8,10.8,0.4,1.9,-0.1,1.0071104e-07
252,100.24,-0.91,0.62,8.632e-08,119.2,-3.8,10.6,0.3,3.1,0.2,1.03584e-07
253,100.14,-0.91,0.62,8.76e-08,119.3,-3.8,10.1,0.2,4.0,0.7,1.0520760000000002e-07
254,100.04,-0.91,0.62,8.89e-08,119.4,-3.8,12.6,0.1,4.9,0.5,1.076579e-07
255,99.94,-0.91,0.62,9.022e-08,119.5,-3.7,14.1,0.0,7.6,0.3,1.0772268e-07
256,99.84,-0.91,0.62,9.156e-08,119.6,-3.7,17.0,-0.1,9.6,-0.2,1.0923107999999999e-07
257,99.74,-0.91,0.62,9.292e-08,119.7,-3.7,17.1,-0.2,7.4,-0.0,1.105748e-07
258,99.64,-0.91,0.62,9.43e-08,119.8,-3.7,17.9,-0.3,5.6,0.7,1.116512e-07
259,99.54,-0.91,0.62,9.57e-08,119.9,-3.7,17.7,-0.4,6.5,0.3,1.0967219999999999e-07
260,99.44,-0.91,0.62,9.712e-08,119.9,-3.7,15.6,-0.5,5.9,0.1,1.1295056e-07
261,99.34,-0.91,0.62,9.857e-08,120.0,-3.6,14.0,-0.6,4.4,0.1,1.1355263999999999e-07
262,99.24,-0.91,0.62,1e-07,120.1,-3.6,13.6,-0.6,2.9,-0.0,1.1509999999999999e-07
263,99.14,-0.91,0.62,1.015e-07,120.2,-3.6,12.8,-0.7,4.1,-0.3,1.25454e-07
264,99.04,-0.91,0.62,1.03e-07,120.3,-3.6,10.8,-0.8,-3.0,-0.1,1.2648399999999998e-07
265,98.94,-0.91,0.62,1.046e-07,120.4,-3.6,11.2,-0.9,-1.0,-0.1,1.246832e-07
266,98.84,-0.91,0.62,1.061e-07,120.5,-3.6,9.8,-1.0,-1.5,0.0,1.2307599999999998e-07
267,98.74,-0.91,0.62,1.077e-07,120.6,-3.6,8.5,-1.1,-4.9,-0.2,1.264398e-07
268,98.64,-0.91,0.62,1.092e-07,120.7,-3.5,8.7,-1.2,-3.4,-0.6,1.260168e-07
269,98.54,-0.91,0.62,1.108e-07,120.7,-3.5,10.3,-1.3,-3.0,-0.1,1.2132599999999998e-07
270,98.44,-0.91,0.62,1.124e-07,120.8,-3.5,12.6,-1.3,-3.9,-1.0,1.245392e-07
271,98.34,-0.91,0.62,1.14e-07,120.9,-3.4,11.6,-1.4,-5.1,-0.5,1.1901600000000001e-07
272,98.24,-0.91,0.62,1.156e-07,120.9,-3.4,9.4,-1.5,-4.7,-0.7,1.284316e-07
273,98.14,-0.91,0.62,1.173e-07,121.0,-3.4,9.4,-1.5,-7.2,-0.8,1.297338e-07
274,98.04,-0.91,0.62,1.189e-07,121.1,-3.3,8.7,-1.6,-4.4,-0.4,1.359027e-07
275,97.94,-0.91,0.62,1.207e-07,121.2,-3.3,7.0,-1.7,-3.4,-0.5,1.326493e-07
276,97.84,-0.91,0.62,1.224e-07,121.2,-3.3,7.2,-1.8,-2.4,0.2,1.3770000000000002e-07
277,97.74,-0.91,0.62,1.241e-07,121.3,-3.2,5.2,-1.8,-3.8,0.7,1.388679e-07
278,97.64,-0.91,0.62,1.259e-07,121.4,-3.2,3.6,-1.9,-5.2,0.4,1.483102e-07
279,97.54,-0.91,0.62,1.277e-07,121.5,-3.2,3.7,-2.0,-5.1,0.2,1.4289630000000001e-07
280,97.44,-0.91,0.62,1.296e-07,121.5,-3.1,1.9,-2.1,-6.5,0.7,1.489104e-07
281,97.34,-0.91,0.62,1.314e-07,121.6,-3.1,2.2,-2.1,-3.3,0.7,1.4480280000000002e-07
282,97.24,-0.91,0.62,1.333e-07,121.7,-3.1,0.4,-2.2,-0.0,1.2,1.446305e-07
283,97.14,-0.91,0.62,1.352e-07,121.8,-3.0,0.3,-2.3,1.3,1.6,1.36552e-07
284,97.04,-0.91,0.62,1.372e-07,121.8,-3.0,2.7,-2.3,0.7,1.2,1.4488320000000003e-07
285,96.94,-0.91,0.62,1.391e-07,121.9,-3.0,2.6,-2.4,-4.0,1.2,1.5231449999999998e-07
286,96.84,-0.91,0.62,1.411e-07,122.0,-2.9,3.2,-2.5,-4.8,2.0,1.614184e-07
287,96.74,-0.91,0.62,1.431e-07,122.0,-2.9,6.6,-2.6,-5.0,1.8,1.70289e-07
288,96.64,-0.91,0.62,1.452e-07,122.1,-2.9,6.4,-2.6,-4.4,1.8,1.710456e-07
289,96.54,-0.91,0.62,1.473e-07,122.2,-2.8,6.9,-2.7,-2.7,1.4,1.800006e-07
290,96.44,-0.91,0.62,1.494e-07,122.3,-2.8,5.8,-2.8,0.0,1.2,1.819692e-07
291,96.34,-0.91,0.62,1.515e-07,122.3,-2.8,5.6,-2.8,2.6,0.5,1.7725499999999998e-07
292,96.24,-0.91,0.62,1.537e-07,122.4,-2.7,5.2,-2.9,3.6,0.9,1.742958e-07
293,96.14,-0.91,0.62,1.559e-07,122.5,-2.7,3.3,-3.0,2.0,1.4,1.6868380000000002e-07
294,96.04,-0.91,0.62,1.582e-07,122.6,-2.7,2.3,-3.1,-1.9,2.0,1.59782e-07
295,95.94,-0.91,0.62,1.604e-07,122.6,-2.6,-1.7,-3.1,-1.8,2.2,1.5975840000000002e-07
296,95.84,-0.91,0.62,1.627e-07,122.7,-2.6,0.2,-3.2,-1.0,2.1,1.592833e-07
297,95.74,-0.91,0.62,1.651e-07,122.8,-2.6,-0.4,-3.3,-0.1,2.5,1.555242e-07
298,95.64,-0.91,0.62,1.674e-07,122.9,-2.5,-1.8,-3.4,1.3,2.2,1.6003439999999998e-07
299,95.54,-0.91,0.62,1.698e-07,122.9,-2.5,-1.2,-3.4,1.9,2.5,1.5808380000000002e-07
300,95.44,-0.91,0.62,1.723e-07,123.0,-2.5,-0.4,-3.5,1.1,2.2,1.61962e-07
301,95.34,-0.91,0.62,1.747e-07,123.1,-2.4,-1.6,-3.6,0.3,2.3,1.759229e-07
302,95.24,-0.91,0.62,1.772e-07,123.1,-2.4,-2.0,-3.6,-0.1,2.6,1.802124e-07
303,95.14,-0.91,0.62,1.798e-07,123.2,-2.4,-1.8,-3.7,4.0,2.7,1.8573339999999998e-07
304,95.04,-0.91,0.62,1.824e-07,123.3,-2.3,-1.2,-3.8,4.8,2.4,1.7747519999999998e-07
305,94.94,-0.91,0.62,1.85e-07,123.4,-2.3,0.7,-3.9,1.9,2.6,1.81115e-07
306,94.84,-0.91,0.63,1.876e-07,123.4,-2.3,0.9,-3.9,-0.4,2.6,1.806588e-07
307,94.74,-0.91,0.63,1.903e-07,123.5,-2.2,0.8,-4.0,-1.0,2.4,1.7127e-07
308,94.64,-0.91,0.63,1.931e-07,123.6,-2.2,-0.7,-4.1,-0.7,1.7,1.676108e-07
309,94.54,-0.91,0.63,1.958e-07,123.7,-2.2,1.6,-4.2,-0.9,1.0,1.584022e-07
310,94.44,-0.91,0.63,1.987e-07,123.7,-2.1,0.8,-4.2,-0.3,1.1,1.696898e-07
311,94.34,-0.91,0.63,2.015e-07,123.8,-2.1,3.7,-4.3,-2.4,0.4,1.734915e-07
312,94.24,-0.91,0.63,2.044e-07,123.9,-2.1,1.7,-4.4,-1.2,0.7,1.721048e-07
313,94.14,-0.91,0.63,2.073e-07,124.0,-2.0,-0.1,-4.4,0.5,1.2,1.770342e-07
314,94.04,-0.91,0.63,2.103e-07,124.0,-2.0,-1.3,-4.5,1.5,0.9,1.8043739999999998e-07
315,93.94,-0.91,0.63,2.133e-07,124.1,-2.0,-3.1,-4.6,2.7,1.5,1.742661e-07
316,93.84,-0.91,0.63,2.164e-07,124.2,-1.9,-5.0,-4.7,1.0,1.8,1.7182160000000002e-07
317,93.74,-0.91,0.63,2.197e-07,124.2,-1.9,-5.9,-4.7,0.5,1.0,1.722448e-07
318,93.64,-0.91,0.63,2.233e-07,124.3,-1.9,-6.0,-4.8,0.6,1.4,1.710478e-07
319,93.54,-0.91,0.63,2.271e-07,124.4,-1.9,-9.7,-4.8,-1.8,1.4,1.619223e-07
320,93.44,-0.91,0.63,2.309e-07,124.4,-1.8,-12.9,-4.8,-1.5,0.8,1.588592e-07
321,93.34,-0.91,0.63,2.347e-07,124.5,-1.8,-10.0,-4.8,-5.1,1.0,1.696881e-07
322,93.24,-0.91,0.63,2.386e-07,124.5,-1.8,-10.0,-4.9,-4.3,0.7,1.770412e-07
323,93.14,-0.91,0.63,2.426e-07,124.6,-1.7,-12.1,-4.9,-3.9,0.6,1.8486120000000001e-07
324,93.04,-0.91,0.63,2.467e-07,124.7,-1.7,-14.6,-4.9,-5.8,0.5,1.8897220000000002e-07
325,92.94,-0.91,0.63,2.508e-07,124.7,-1.7,-13.3,-5.0,-5.2,0.7,1.9662720000000002e-07
326,92.84,-0.91,0.63,2.55e-07,124.8,-1.7,-11.7,-5.0,-2.9,0.6,1.9686e-07
327,92.74,-0.91,0.63,2.592e-07,124.8,-1.6,-12.7,-5.0,-2.1,0.5,1.954368e-07
328,92.64,-0.91,0.63,2.636e-07,124.9,-1.6,-11.2,-5.1,-5.2,0.3,1.916372e-07
329,92.54,-0.91,0.63,2.68e-07,125.0,-1.6,-9.0,-5.1,-3.8,-0.1,2.0796800000000003e-07
330,92.44,-0.91,0.63,2.725e-07,125.0,-1.6,-9.9,-5.1,-4.9,-0.2,2.1473e-07
331,92.34,-0.91,0.63,2.77e-07,125.1,-1.5,-9.6,-5.2,-3.5,-0.7,2.2160000000000003e-07
332,92.24,-0.91,0.63,2.816e-07,125.1,-1.5,-9.8,-5.2,-3.0,-0.4,2.3485439999999996e-07
333,92.14,-0.91,0.63,2.863e-07,125.2,-1.5,-9.2,-5.2,-3.3,-0.1,2.2789480000000003e-07
334,92.04,-0.91,0.63,2.911e-07,125.2,-1.4,-10.2,-5.3,-6.3,-0.3,2.369554e-07
335,91.94,-0.91,0.63,2.96e-07,125.3,-1.4,-6.5,-5.3,-6.8,0.2,2.3916800000000004e-07
336,91.84,-0.91,0.63,3.009e-07,125.4,-1.4,-8.5,-5.3,-10.1,0.0,2.341002e-07
337,91.74,-0.91,0.63,3.06e-07,125.4,-1.4,-7.0,-5.4,-9.7,0.3,2.26746e-07
338,91.64,-0.91,0.63,3.111e-07,125.5,-1.3,-6.9,-5.4,-7.1,0.8,2.3052510000000003e-07
339,91.54,-0.91,0.63,3.163e-07,125.5,-1.3,-7.5,-5.4,-9.3,0.7,2.422858e-07
340,91.44,-0.91,0.63,3.215e-07,125.6,-1.3,-11.0,-5.5,-6.9,-0.0,2.5205600000000004e-07
341,91.34,-0.91,0.63,3.269e-07,125.7,-1.2,-13.6,-5.5,-12.1,-0.4,2.589048e-07
342,91.24,-0.91,0.63,3.324e-07,125.7,-1.2,-13.7,-5.5,-10.7,-0.5,2.572776e-07
343,91.14,-0.91,0.63,3.379e-07,125.8,-1.2,-14.6,-5.6,-10.8,-0.5,2.5241129999999997e-07
344,91.04,-0.91,0.63,3.436e-07,125.8,-1.2,-14.1,-5.6,-10.2,-1.0,2.590744e-07
345,90.94,-0.91,0.63,3.493e-07,125.9,-1.1,-13.1,-5.6,-10.4,-0.5,2.748991e-07
346,90.84,-0.91,0.63,3.552e-07,126.0,-1.1,-9.3,-5.7,-12.2,-0.2,2.749248e-07
347,90.74,-0.91,0.63,3.611e-07,126.0,-1.1,-6.5,-5.7,-10.1,-0.1,3.029629e-07
348,90.64,-0.91,0.63,3.671e-07,126.1,-1.1,-7.5,-5.7,-7.8,-0.0,3.0579429999999997e-07
349,90.54,-0.91,0.63,3.733e-07,126.1,-1.0,-8.1,-5.8,-7.5,-0.5,3.087191e-07
350,90.44,-0.91,0.63,3.795e-07,126.2,-1.0,-7.3,-5.8,-7.0,-0.1,3.191595e-07
351,90.34,-0.91,0.63,3.858e-07,126.3,-1.0,-2.7,-5.8,-7.8,-0.2,3.1635599999999995e-07
352,90.24,-0.91,0.63,3.923e-07,126.3,-0.9,-3.6,-5.9,-7.0,-0.3,3.2913969999999997e-07
353,90.14,-0.91,0.63,3.988e-07,126.4,-0.9,-6.0,-5.9,-5.8,-0.0,3.505452e-07
354,90.04,-0.91,0.63,4.055e-07,126.4,-0.9,-6.2,-5.9,-5.9,0.3,3.4143100000000003e-07
355,89.94,-0.91,0.63,4.123e-07,126.5,-0.9,-6.4,-6.0,-4.9,0.1,3.677716e-07
356,89.84,-0.91,0.63,4.192e-07,126.5,-0.8,-7.5,-6.0,-4.7,0.2,3.860832e-07
357,89.74,-0.91,0.63,4.262e-07,126.6,-0.8,-7.2,-6.0,-3.5,0.5,4.1767599999999996e-07
358,89.64,-0.91,0.63,4.333e-07,126.7,-0.8,-9.1,-6.1,-2.7,0.8,3.964695e-07
359,89.54,-0.91,0.63,4.405e-07,126.7,-0.7,-6.4,-6.1,-3.2,1.2,4.1142700000000005e-07
360,89.44,-0.91,0.63,4.479e-07,126.8,-0.7,-9.9,-6.1,-3.6,1.1,4.017663e-07
361,89.34,-0.91,0.63,4.554e-07,126.8,-0.7,-9.3,-6.2,-5.5,1.1,4.262544e-07
362,89.24,-0.91,0.63,4.63e-07,126.9,-0.7,-7.9,-6.2,-5.7,1.1,4.43554e-07
363,89.14,-0.91,0.63,4.707e-07,127.0,-0.6,-7.6,-6.2,-4.5,0.8,4.3822170000000004e-07
364,89.04,-0.91,0.63,4.786e-07,127.0,-0.6,-7.3,-6.3,-3.6,1.2,4.2786839999999995e-07
365,88.94,-0.91,0.63,4.866e-07,127.1,-0.6,-6.5,-6.3,-1.2,1.4,4.20909e-07
366,88.84,-0.91,0.63,4.947e-07,127.1,-0.6,-4.6,-6.3,1.4,0.7,4.1060099999999996e-07
367,88.74,-0.91,0.63,5.045e-07,127.2,-0.5,-0.4,-6.3,0.1,0.7,4.495095e-07
368,88.64,-0.91,0.63,5.173e-07,127.3,-0.5,0.9,-6.3,-2.3,0.6,4.619489e-07
369,88.54,-0.91,0.63,5.303e-07,127.4,-0.5,0.8,-6.3,-3.9,1.0,4.5923980000000004e-07
370,88.44,-0.91,0.63,5.438e-07,127.5,-0.5,1.9,-6.3,-5.0,0.6,4.600548e-07
371,88.34,-0.91,0.63,5.575e-07,127.6,-0.5,3.4,-6.3,-7.0,0.4,4.844674999999999e-07
372,88.24,-0.91,0.63,5.717e-07,127.7,-0.5,4.6,-6.3,-7.2,0.5,5.213904e-07
373,88.14,-0.91,0.63,5.861e-07,127.7,-0.5,5.9,-6.3,-6.8,0.2,5.409703e-07
374,88.04,-0.91,0.63,6.01e-07,127.8,-0.5,6.6,-6.3,-6.4,0.2,5.36693e-07
375,87.94,-0.91,0.63,6.162e-07,127.9,-0.5,7.2,-6.3,-6.5,-0.2,5.453370000000001e-07
376,87.84,-0.91,0.63,6.318e-07,128.0,-0.5,9.5,-6.3,-10.2,-0.4,5.724108e-07
377,87.74,-0.91,0.63,6.478e-07,128.1,-0.5,7.6,-6.3,-10.8,-0.3,5.726551999999999e-07
378,87.64,-0.91,0.63,6.642e-07,128.2,-0.5,8.4,-6.3,-11.1,-1.0,6.143850000000001e-07
379,87.54,-0.91,0.63,6.81e-07,128.3,-0.5,7.3,-6.3,-11.0,-0.9,6.190290000000001e-07
380,87.44,-0.91,0.63,6.983e-07,128.4,-0.5,7.7,-6.3,-10.2,-0.8,6.159006000000001e-07
381,87.34,-0.91,0.63,7.159e-07,128.5,-0.5,7.9,-6.2,-9.4,-1.3,6.450259e-07
382,87.24,-0.91,0.63,7.341e-07,128.5,-0.5,8.5,-6.2,-8.0,-1.4,6.628923000000001e-07
383,87.14,-0.91,0.63,7.527e-07,128.6,-0.5,7.2,-6.2,-8.6,-1.4,7.135596e-07
384,87.04,-0.91,0.63,7.717e-07,128.7,-0.6,7.9,-6.2,-6.5,-1.8,7.632113e-07
385,86.94,-0.91,0.63,7.913e-07,128.8,-0.6,11.2,-6.2,-6.0,-1.8,7.667697e-07
386,86.84,-0.91,0.63,8.113e-07,128.9,-0.6,13.7,-6.2,-4.5,-2.0,8.177903999999999e-07
387,86.74,-0.91,0.63,8.318e-07,129.0,-0.6,12.8,-6.2,-5.2,-2.0,8.500996000000001e-07
388,86.64,-0.91,0.63,8.529e-07,129.1,-0.6,13.2,-6.2,-3.2,-2.1,9.236907e-07
389,86.54,-0.91,0.63,8.745e-07,129.2,-0.6,15.1,-6.2,-2.4,-2.0,9.418364999999999e-07
390,86.44,-0.91,0.63,8.967e-07,129.3,-0.6,14.8,-6.2,-4.0,-1.8,9.487086000000001e-07
391,86.34,-0.91,0.63,9.194e-07,129.3,-0.6,16.3,-6.2,-4.5,-1.9,9.598536000000002e-07
392,86.24,-0.91,0.63,9.427e-07,129.4,-0.6,18.5,-6.2,-5.1,-1.7,9.606112999999999e-07
393,86.14,-0.91,0.63,9.665e-07,129.5,-0.6,20.2,-6.2,-4.0,-1.8,9.80031e-07
394,86.04,-0.91,0.63,9.91e-07,129.6,-0.6,22.4,-6.2,-5.6,-1.9,9.939729999999998e-07
395,85.94,-0.91,0.63,1.016e-06,129.7,-0.6,23.3,-6.1,-5.9,-2.1,1.043432e-06
396,85.84,-0.91,0.63,1.042e-06,129.8,-0.6,22.4,-6.1,-4.2,-2.4,1.138906e-06
397,85.74,-0.91,0.64,1.068e-06,129.9,-0.6,20.6,-6.1,-0.4,-2.1,1.184412e-06
398,85.64,-0.91,0.64,1.095e-06,130.0,-0.6,19.5,-6.1,-0.1,-1.8,1.2318750000000002e-06
399,85.54,-0.91,0.64,1.123e-06,130.1,-0.6,17.4,-6.1,-0.1,-1.5,1.2555140000000003e-06
400,85.44,-0.91,0.64,1.152e-06,130.1,-0.6,17.0,-6.1,1.8,-1.4,1.3386239999999998e-06
401,85.34,-0.91,0.64,1.181e-06,130.2,-0.6,14.9,-6.1,3.2,-1.6,1.3416159999999998e-06
402,85.24,-0.91,0.64,1.211e-06,130.3,-0.6,17.4,-6.1,2.5,-1.6,1.3769069999999999e-06
403,85.14,-0.91,0.64,1.241e-06,130.4,-0.6,17.7,-6.1,1.0,-1.9,1.407294e-06
404,85.04,-0.91,0.64,1.273e-06,130.5,-0.6,19.0,-6.1,3.5,-1.6,1.488137e-06
405,84.94,-0.91,0.64,1.305e-06,130.6,-0.6,19.8,-6.1,4.1,-1.4,1.4968350000000001e-06
406,84.84,-0.91,0.64,1.338e-06,130.7,-0.6,21.0,-6.1,2.6,-1.5,1.515954e-06
407,84.74,-0.91,0.64,1.372e-06,130.8,-0.6,19.7,-6.1,3.9,-1.7,1.568196e-06
408,84.64,-0.91,0.64,1.407e-06,130.9,-0.6,21.6,-6.1,3.8,-1.6,1.649004e-06
409,84.54,-0.91,0.64,1.442e-06,130.9,-0.6,21.4,-6.0,2.2,-0.9,1.6698359999999998e-06
410,84.44,-0.91,0.64,1.479e-06,131.0,-0.6,22.1,-6.0,3.0,-0.7,1.7688839999999999e-06
411,84.34,-0.91,0.64,1.516e-06,131.1,-0.6,19.3,-6.0,0.8,-1.3,1.782816e-06
412,84.24,-0.91,0.64,1.555e-06,131.2,-0.6,19.0,-6.0,0.7,-0.9,1.855115e-06
413,84.14,-0.91,0.64,1.594e-06,131.3,-0.6,20.8,-6.0,-0.9,-0.8,1.9127999999999997e-06
414,84.04,-0.91,0.64,1.635e-06,131.4,-0.6,20.9,-6.0,-0.6,-0.9,2.0061450000000003e-06
415,83.94,-0.91,0.64,1.676e-06,131.5,-0.6,23.0,-6.0,-3.4,-1.0,2.0782399999999997e-06
416,83.84,-0.91,0.64,1.719e-06,131.6,-0.6,23.0,-6.0,-5.8,-1.8,2.100618e-06
417,83.74,-0.91,0.64,1.753e-06,131.6,-0.4,22.2,-5.9,-5.4,-2.5,2.161449e-06
418,83.64,-0.91,0.64,1.772e-06,131.4,-0.0,24.1,-5.6,-8.3,-2.4,2.1086799999999997e-06
419,83.54,-0.91,0.64,1.791e-06,131.3,0.4,21.0,-5.3,-4.4,-2.2,2.109798e-06
420,83.44,-0.91,0.64,1.811e-06,131.1,0.8,22.8,-5.0,-5.2,-2.1,2.144224e-06
421,83.34,-0.91,0.64,1.83e-06,131.0,1.2,23.9,-4.7,-9.1,-2.0,2.1429300000000003e-06
422,83.24,-0.91,0.64,1.85e-06,130.8,1.6,24.0,-4.4,-8.9,-1.4,2.1497e-06
423,83.14,-0.91,0.64,1.87e-06,130.7,2.0,26.2,-4.1,-8.2,-1.6,2.13928e-06
424,83.04,-0.91,0.64,1.89e-06,130.5,2.4,25.0,-3.9,-4.0,-1.9,2.1659399999999997e-06
425,82.94,-0.91,0.64,1.911e-06,130.4,2.9,26.0,-3.6,-2.8,-1.9,2.155608e-06
426,82.84,-0.91,0.64,1.932e-06,130.2,3.3,25.4,-3.3,-2.1,-2.3,2.1464519999999996e-06
427,82.74,-0.91,0.64,1.952e-06,130.1,3.7,25.3,-3.0,-2.7,-1.8,2.1550080000000003e-06
428,82.64,-0.91,0.64,1.974e-06,129.9,4.1,28.1,-2.7,-4.1,-1.0,2.2187760000000004e-06
429,82.54,-0.91,0.64,1.995e-06,129.8,4.5,29.7,-2.4,-3.1,-1.3,2.24637e-06
430,82.44,-0.91,0.64,2.017e-06,129.6,4.9,30.5,-2.1,-1.2,-1.0,2.3114819999999997e-06
431,82.34,-0.91,0.64,2.038e-06,129.5,5.3,32.7,-1.8,2.3,-1.7,2.276446e-06
432,82.24,-0.91,0.64,2.06e-06,129.3,5.7,33.8,-1.5,5.3,-1.7,2.22686e-06
433,82.14,-0.91,0.64,2.083e-06,129.2,6.1,35.0,-1.2,8.9,-1.3,2.1371579999999997e-06
434,82.04,-0.91,0.64,2.105e-06,129.0,6.6,35.0,-1.0,9.3,-1.0,2.2144600000000003e-06
435,81.94,-0.91,0.64,2.128e-06,128.9,7.0,34.4,-0.7,10.0,-1.3,2.283344e-06
436,81.84,-0.91,0.64,2.151e-06,128.7,7.4,33.7,-0.4,11.2,-1.2,2.30157e-06
437,81.74,-0.91,0.64,2.175e-06,128.6,7.8,34.0,-0.1,11.3,-1.3,2.37945e-06
438,81.64,-0.91,0.64,2.198e-06,128.4,8.2,33.6,0.2,10.1,-1.5,2.42879e-06
439,81.54,-0.91,0.64,2.222e-06,128.3,8.6,34.1,0.5,9.4,-1.6,2.517526e-06
440,81.44,-0.91,0.64,2.246e-06,128.1,9.0,33.9,0.8,10.3,-2.0,2.528996e-06
441,81.34,-0.91,0.64,2.271e-06,128.0,9.4,34.4,1.1,11.0,-1.5,2.4799320000000002e-06
442,81.24,-0.91,0.64,2.295e-06,127.8,9.8,31.6,1.4,10.4,-1.1,2.46942e-06
443,81.14,-0.91,0.64,2.32e-06,127.7,10.3,32.6,1.7,12.9,-0.6,2.49632e-06
444,81.04,-0.91,0.64,2.345e-06,127.5,10.7,32.5,1.9,10.8,-0.9,2.549015e-06
445,80.94,-0.91,0.64,2.371e-06,127.4,11.1,34.0,2.2,9.6,-0.9,2.5630509999999998e-06
446,80.84,-0.91,0.64,2.396e-06,127.2,11.5,30.7,2.5,11.7,-0.8,2.657164e-06
447,80.74,-0.91,0.64,2.423e-06,127.1,11.9,28.5,2.8,13.1,-1.2,2.602302e-06
448,80.64,-0.91,0.64,2.449e-06,126.9,12.3,31.9,3.1,13.2,-1.4,2.671859e-06
449,80.54,-0.91,0.64,2.475e-06,126.8,12.7,30.6,3.4,12.1,-1.7,2.6433e-06
450,80.44,-0.91,0.64,2.502e-06,126.6,13.1,31.0,3.7,11.6,-2.0,2.712168e-06
451,80.34,-0.91,0.64,2.53e-06,126.5,13.5,33.0,4.0,12.4,-2.2,2.6995099999999996e-06
452,80.24,-0.91,0.64,2.557e-06,126.3,14.0,31.4,4.3,10.9,-2.4,2.71042e-06
453,80.14,-0.91,0.64,2.585e-06,126.2,14.4,31.9,4.6,11.4,-1.9,2.73493e-06
454,80.04,-0.91,0.64,2.613e-06,126.0,14.8,33.0,4.8,9.9,-2.2,2.675712e-06
455,79.94,-0.91,0.64,2.641e-06,125.9,15.2,34.0,5.1,9.6,-2.1,2.651564e-06
456,79.84,-0.91,0.64,2.67e-06,125.7,15.6,34.5,5.4,10.6,-2.2,2.7234e-06
457,79.74,-0.91,0.64,2.699e-06,125.6,16.0,35.4,5.7,13.3,-1.6,2.796164e-06
458,79.64,-0.91,0.64,2.728e-06,125.5,16.4,34.6,6.0,11.8,-1.7,2.8234799999999996e-06
459,79.54,-0.91,0.64,2.758e-06,125.3,16.8,33.9,6.3,8.8,-1.9,2.796612e-06
460,79.44,-0.91,0.64,2.788e-06,125.2,17.2,32.7,6.6,9.7,-2.0,2.9524919999999995e-06
461,79.34,-0.91,0.64,2.819e-06,125.0,17.7,31.0,6.9,10.4,-1.7,3.024787e-06
462,79.24,-0.91,0.64,2.849e-06,124.9,18.1,31.3,7.2,13.5,-1.5,3.0199400000000003e-06
463,79.14,-0.91,0.64,2.88e-06,124.7,18.5,34.3,7.5,13.6,-1.2,3.0038399999999998e-06
464,79.04,-0.91,0.64,2.912e-06,124.6,18.9,35.8,7.8,12.4,-1.8,2.9877119999999997e-06
465,78.94,-0.91,0.64,2.943e-06,124.4,19.3,35.9,8.0,13.8,-2.1,2.960658e-06
466,78.84,-0.91,0.64,2.975e-06,124.3,19.7,34.7,8.3,14.5,-2.1,2.966075e-06
467,78.74,-0.91,0.64,3.008e-06,124.1,20.1,35.0,8.6,14.1,-2.2,3.0651519999999994e-06
468,78.64,-0.91,0.64,3.041e-06,124.0,20.5,35.4,8.9,15.1,-2.2,3.056205e-06
469,78.54,-0.91,0.64,3.074e-06,123.8,21.0,33.7,9.2,15.8,-2.6,3.200034e-06
470,78.44,-0.91,0.64,3.107e-06,123.7,21.4,33.1,9.5,15.8,-2.2,3.150498e-06
471,78.34,-0.91,0.64,3.141e-06,123.5,21.8,33.7,9.8,16.9,-2.9,3.1912560000000003e-06
472,78.24,-0.91,0.64,3.175e-06,123.4,22.2,34.3,10.1,16.5,-2.7,3.2258e-06
473,78.14,-0.91,0.64,3.21e-06,123.2,22.6,33.8,10.4,18.4,-2.9,3.29025e-06
474,78.04,-0.91,0.64,3.245e-06,123.1,23.0,33.5,10.7,18.6,-2.2,3.2677149999999994e-06
475,77.94,-0.91,0.64,3.28e-06,122.9,23.4,34.4,10.9,18.8,-2.2,3.3160799999999998e-06
476,77.84,-0.91,0.64,3.316e-06,122.8,23.8,36.4,11.2,18.3,-2.6,3.362424e-06
477,77.74,-0.91,0.64,3.352e-06,122.6,24.2,37.6,11.5,18.0,-3.0,3.231328e-06
478,77.64,-0.91,0.64,3.389e-06,122.5,24.7,34.9,11.8,20.2,-2.8,3.250051e-06
479,77.54,-0.91,0.64,3.426e-06,122.3,25.1,33.6,12.1,22.0,-2.4,3.39174e-06
480,77.44,-0.91,0.64,3.463e-06,122.2,25.5,33.1,12.4,20.8,-2.3,3.463e-06
481,77.34,-0.91,0.64,3.501e-06,122.0,25.9,34.2,12.7,19.1,-2.1,3.36096e-06
482,77.24,-0.91,0.64,3.54e-06,121.9,26.3,33.1,13.0,20.1,-1.8,3.40902e-06
483,77.14,-0.91,0.64,3.578e-06,121.7,26.7,33.4,13.3,20.7,-1.8,3.32754e-06
484,77.04,-0.91,0.64,3.617e-06,121.6,27.1,34.2,13.6,21.7,-1.9,3.284236e-06
485,76.94,-0.91,0.64,3.657e-06,121.4,27.5,37.6,13.8,22.7,-1.2,3.229131e-06
486,76.84,-0.91,0.64,3.697e-06,121.3,27.9,37.9,14.1,23.5,-1.0,3.279239e-06
487,76.74,-0.91,0.64,3.737e-06,121.1,28.4,37.5,14.4,25.3,-1.0,3.381985e-06
488,76.64,-0.91,0.65,3.778e-06,121.0,28.8,34.9,14.7,24.4,-1.5,3.3435300000000002e-06
489,76.54,-0.91,0.65,3.819e-06,120.8,29.2,35.3,15.0,25.7,-1.9,3.3569010000000002e-06
490,76.44,-0.91,0.65,3.861e-06,120.7,29.6,37.7,15.3,25.1,-1.6,3.262545e-06
491,76.34,-0.91,0.65,3.903e-06,120.5,30.0,39.1,15.6,21.6,-1.7,3.3487739999999997e-06
492,76.24,-0.91,0.65,3.946e-06,120.4,30.4,37.4,15.9,21.6,-1.9,3.448804e-06
493,76.14,-0.91,0.65,3.989e-06,120.2,30.8,39.1,16.2,21.2,-1.9,3.5701550000000004e-06
494,76.04,-0.91,0.65,4.033e-06,120.1,31.2,36.1,16.5,22.3,-1.4,3.536941e-06
495,75.94,-0.91,0.65,4.077e-06,119.9,31.6,36.3,16.7,22.0,-1.1,3.62853e-06
496,75.84,-0.91,0.65,4.122e-06,119.8,32.1,38.9,17.0,22.1,-0.8,3.5737739999999997e-06
497,75.74,-0.91,0.65,4.167e-06,119.6,32.5,39.5,17.3,24.0,-1.2,3.70863e-06
498,75.64,-0.91,0.65,4.212e-06,119.5,32.9,38.4,17.6,23.8,-1.0,3.7571039999999997e-06
499,75.54,-0.91,0.65,4.259e-06,119.3,33.3,38.0,17.9,20.9,-0.9,3.922539e-06
500,75.44,-0.91,0.65,4.305e-06,119.2,33.7,39.0,18.2,21.3,-0.8,4.0294800000000004e-06
501,75.34,-0.91,0.65,4.352e-06,119.0,34.1,41.5,18.5,24.1,-1.0,4.06912e-06
502,75.24,-0.91,0.65,4.4e-06,118.9,34.5,40.0,18.8,24.9,-1.1,4.0128e-06
503,75.14,-0.91,0.65,4.448e-06,118.7,34.9,41.7,19.1,24.7,-1.1,4.216703999999999e-06
504,75.04,-0.91,0.65,4.497e-06,118.6,35.3,43.0,19.4,25.4,-1.0,4.22718e-06
505,74.94,-0.91,0.65,5.021e-06,118.6,35.0,42.8,19.2,27.6,-1.1,4.6996560000000006e-06
506,74.84,-0.91,0.65,5.104e-06,118.7,34.3,44.7,18.7,24.7,-1.3,4.904944e-06
507,74.74,-0.91,0.65,5.188e-06,118.8,33.5,45.1,18.3,28.0,-1.3,4.804088e-06
508,74.64,-0.91,0.65,5.274e-06,118.8,32.8,42.3,17.8,30.4,-1.4,4.846806e-06
509,74.54,-0.91,0.65,5.361e-06,118.9,32.0,40.2,17.3,31.6,-1.3,5.151921e-06
510,74.44,-0.91,0.65,5.45e-06,119.0,31.3,35.8,16.9,31.8,-0.8,5.2756e-06
511,74.34,-0.91,0.65,5.54e-06,119.1,30.5,36.9,16.4,27.3,-0.8,5.32394e-06
512,74.24,-0.91,0.65,5.632e-06,119.2,29.8,36.9,16.0,26.0,-0.9,5.3898239999999994e-06
513,74.14,-0.91,0.65,5.725e-06,119.3,29.0,39.6,15.5,25.4,-0.9,5.398675e-06
514,74.04,-0.91,0.65,5.819e-06,119.3,28.3,38.0,15.0,26.7,-1.2,5.388394e-06
515,73.94,-0.91,0.65,5.915e-06,119.4,27.5,34.9,14.6,27.0,-1.3,5.341245e-06
516,73.84,-0.91,0.65,6.013e-06,119.5,26.8,35.2,14.1,27.2,-1.1,5.543986e-06
517,73.74,-0.91,0.65,6.113e-06,119.6,26.0,34.9,13.7,26.8,-0.8,5.666751e-06
518,73.64,-0.91,0.65,6.214e-06,119.7,25.3,34.0,13.2,26.4,-1.0,6.02758e-06
519,73.54,-0.91,0.65,6.316e-06,119.7,24.5,33.0,12.8,24.9,-0.5,5.930724e-06
520,73.44,-0.91,0.65,6.421e-06,119.8,23.8,34.2,12.3,22.6,-0.9,6.1063709999999995e-06
521,73.34,-0.91,0.65,6.527e-06,119.9,23.0,34.2,11.8,25.6,-0.7,6.324663e-06
522,73.24,-0.91,0.65,6.635e-06,120.0,22.3,35.4,11.4,24.2,-0.6,6.376235e-06
523,73.14,-0.91,0.65,6.744e-06,120.1,21.5,34.7,10.9,24.2,-0.8,6.480984e-06
524,73.04,-0.91,0.65,6.856e-06,120.2,20.8,33.4,10.5,22.5,-0.5,6.773728e-06
525,72.94,-0.91,0.65,6.969e-06,120.2,20.0,32.0,10.0,22.9,-0.4,6.815682e-06
526,72.84,-0.91,0.65,7.084e-06,120.3,19.3,31.5,9.6,20.9,-0.2,6.97774e-06
527,72.74,-0.91,0.65,7.201e-06,120.4,18.5,31.2,9.1,20.0,-0.2,6.948965e-06
528,72.64,-0.91,0.65,7.32e-06,120.5,17.8,31.0,8.6,20.3,-0.1,7.12236e-06
529,72.54,-0.91,0.65,7.442e-06,120.6,17.0,28.2,8.2,20.9,-0.6,7.14432e-06
530,72.44,-0.91,0.65,7.565e-06,120.7,16.3,25.3,7.7,17.8,-0.9,7.383440000000001e-06
531,72.34,-0.91,0.65,7.69e-06,120.7,15.5,23.9,7.3,17.0,-1.1,7.297809999999999e-06
532,72.24,-0.91,0.65,7.817e-06,120.8,14.8,24.2,6.8,16.2,-0.5,7.598124e-06
533,72.14,-0.91,0.65,7.946e-06,120.9,14.0,23.4,6.4,16.8,-0.3,7.612268e-06
534,72.04,-0.91,0.65,8.077e-06,121.0,13.3,24.2,5.9,16.9,0.0,7.891229000000001e-06
535,71.94,-0.91,0.65,8.211e-06,121.1,12.5,23.2,5.4,17.7,-0.0,8.473752e-06
536,71.84,-0.91,0.65,8.347e-06,121.2,11.8,22.8,5.0,16.6,-0.3,8.797738000000001e-06
537,71.74,-0.91,0.65,8.485e-06,121.2,11.0,21.8,4.5,16.8,-0.1,8.80743e-06
538,71.64,-0.91,0.65,8.625e-06,121.3,10.3,21.9,4.1,17.6,0.3,8.97e-06
539,71.54,-0.91,0.65,8.768e-06,121.4,9.5,24.7,3.6,16.1,0.5,8.917056e-06
540,71.44,-0.91,0.65,8.913e-06,121.5,8.8,25.3,3.2,12.8,0.5,8.814956999999998e-06
541,71.34,-0.91,0.65,9.06e-06,121.6,8.0,23.6,2.7,9.1,0.7,8.878799999999999e-06
542,71.24,-0.91,0.65,9.21e-06,121.7,7.3,27.5,2.2,9.8,0.4,8.99817e-06
543,71.14,-0.91,0.65,9.362e-06,121.7,6.5,27.9,1.8,10.1,0.3,9.184122e-06
544,71.04,-0.91,0.65,9.517e-06,121.8,5.8,24.3,1.3,7.4,0.4,9.469415e-06
545,70.94,-0.91,0.65,9.674e-06,121.9,5.0,25.2,0.9,9.8,0.7,9.635304e-06
546,70.84,-0.91,0.65,9.835e-06,122.0,4.3,22.9,0.4,8.6,0.8,1.0100544999999999e-05
547,70.74,-0.91,0.65,9.997e-06,122.1,3.5,21.0,-0.0,8.2,0.7,1.0276916e-05
548,70.64,-0.91,0.65,1.016e-05,122.2,2.8,20.6,-0.5,8.5,1.0,1.074928e-05
549,70.54,-0.91,0.65,1.033e-05,122.2,2.0,15.6,-1.0,9.7,1.8,1.099112e-05
550,70.44,-0.91,0.65,1.05e-05,122.3,1.3,11.4,-1.4,9.0,1.7,1.1098499999999999e-05
551,70.34,-0.91,0.65,1.068e-05,122.4,0.5,10.4,-1.9,7.7,1.6,1.1267399999999998e-05
552,70.24,-0.91,0.65,1.085e-05,122.5,-0.2,8.4,-2.3,8.1,1.6,1.0969349999999999e-05
553,70.14,-0.91,0.65,1.103e-05,122.6,-1.0,8.6,-2.8,4.6,1.7,1.127266e-05
554,70.04,-0.91,0.65,1.121e-05,122.6,-1.7,9.7,-3.2,3.4,2.5,1.1243629999999999e-05
555,69.94,-0.91,0.65,9.409e-06,122.9,-2.3,7.6,-3.5,5.0,2.0,9.164365999999999e-06
556,69.84,-0.91,0.65,9.471e-06,123.3,-2.9,7.5,-3.6,5.2,2.0,9.357347999999999e-06
557,69.74,-0.91,0.65,9.533e-06,123.7,-3.4,6.5,-3.8,6.7,2.3,9.704594e-06
558,69.64,-0.91,0.65,9.596e-06,124.1,-3.9,6.1,-3.9,8.2,1.7,1.0190952e-05
559,69.54,-0.91,0.65,9.659e-06,124.5,-4.4,4.4,-4.1,6.3,1.1,1.0412402000000001e-05
560,69.44,-0.91,0.65,9.723e-06,124.8,-4.9,3.1,-4.2,5.6,1.1,1.0461948e-05
561,69.34,-0.91,0.65,9.788e-06,125.2,-5.5,4.1,-4.3,5.4,0.8,1.0218672000000001e-05
562,69.24,-0.91,0.65,9.853e-06,125.6,-6.0,2.3,-4.5,3.7,0.7,1.0059912999999999e-05
563,69.14,-0.91,0.65,9.918e-06,126.0,-6.5,1.7,-4.6,5.2,0.8,1.0185786e-05
564,69.04,-0.91,0.65,9.984e-06,126.4,-7.0,1.3,-4.8,5.8,0.7,1.0003968e-05
565,68.94,-0.91,0.65,1.005e-05,126.8,-7.6,-3.5,-4.9,4.7,0.5,1.02309e-05
566,68.84,-0.91,0.65,1.012e-05,127.1,-8.1,-6.2,-5.0,4.4,0.5,1.0292039999999998e-05
567,68.74,-0.91,0.65,1.019e-05,127.5,-8.6,-8.1,-5.2,5.2,0.6,1.085235e-05
568,68.64,-0.91,0.65,1.025e-05,127.9,-9.1,-7.5,-5.3,5.4,0.5,1.054725e-05
569,68.54,-0.91,0.65,1.032e-05,128.3,-9.6,-9.7,-5.5,4.6,0.5,1.058832e-05
570,68.44,-0.91,0.65,1.039e-05,128.7,-10.2,-12.0,-5.6,4.2,-0.1,1.053546e-05
571,68.34,-0.91,0.65,1.046e-05,129.1,-10.7,-11.7,-5.7,4.3,-0.2,1.099346e-05
572,68.24,-0.91,0.65,1.053e-05,129.4,-11.2,-11.7,-5.9,4.2,-0.6,1.091961e-05
573,68.14,-0.91,0.65,1.06e-05,129.8,-11.7,-11.7,-6.0,3.4,-0.5,1.0674199999999999e-05
574,68.04,-0.91,0.65,1.067e-05,130.2,-12.3,-10.1,-6.2,0.5,0.1,1.0830049999999998e-05
575,67.94,-0.91,0.65,1.075e-05,130.6,-12.8,-10.1,-6.3,0.3,0.1,1.1201500000000001e-05
576,67.84,-0.91,0.65,1.082e-05,131.0,-13.3,-9.7,-6.4,-0.2,-0.0,1.140428e-05
577,67.74,-0.91,0.65,1.089e-05,131.4,-13.8,-9.2,-6.6,-0.9,0.3,1.133649e-05
578,67.64,-0.91,0.65,1.096e-05,131.7,-14.3,-10.0,-6.7,-0.8,-0.3,1.120112e-05
579,67.54,-0.91,0.66,1.104e-05,132.1,-14.9,-11.1,-6.9,-3.3,0.1,1.141536e-05
580,67.44,-0.91,0.66,1.111e-05,132.5,-15.4,-12.5,-7.0,-2.3,0.0,1.154329e-05
581,67.34,-0.91,0.66,1.119e-05,132.9,-15.9,-14.6,-7.1,-3.4,-0.1,1.1536889999999999e-05
582,67.24,-0.91,0.66,1.127e-05,133.3,-16.4,-15.7,-7.3,-3.6,-0.0,1.1517940000000001e-05
583,67.14,-0.91,0.66,1.134e-05,133.7,-17.0,-16.2,-7.4,-3.6,-0.2,1.1374019999999998e-05
584,67.04,-0.91,0.66,1.142e-05,134.0,-17.5,-15.6,-7.6,-3.8,-0.4,1.1248700000000001e-05
585,66.94,-0.91,0.66,1.15e-05,134.4,-18.0,-17.2,-7.7,-5.7,-0.7,1.16495e-05
586,66.84,-0.91,0.66,1.158e-05,134.8,-18.5,-17.3,-7.8,-5.6,-0.9,1.1742119999999999e-05
587,66.74,-0.91,0.66,1.166e-05,135.2,-19.0,-16.8,-8.0,-5.9,-0.8,1.156672e-05
588,66.64,-0.91,0.66,1.174e-05,135.6,-19.6,-18.5,-8.1,-5.5,-0.9,1.206872e-05
589,66.54,-0.91,0.66,1.182e-05,135.9,-20.1,-20.1,-8.3,-5.7,-1.4,1.22337e-05
590,66.44,-0.91,0.66,1.19e-05,136.3,-20.6,-20.3,-8.4,-4.5,-1.3,1.2102299999999998e-05
591,66.34,-0.91,0.66,1.198e-05,136.7,-21.1,-20.2,-8.5,-6.5,-1.0,1.235138e-05
592,66.24,-0.91,0.66,1.206e-05,137.1,-21.7,-23.1,-8.7,-5.3,-0.4,1.222884e-05
593,66.14,-0.91,0.66,1.215e-05,137.5,-22.2,-24.2,-8.8,-6.1,-0.3,1.2660300000000001e-05
594,66.04,-0.91,0.66,1.223e-05,137.9,-22.7,-25.6,-9.0,-7.1,-0.3,1.269474e-05
595,65.94,-0.91,0.66,1.231e-05,138.2,-23.2,-25.4,-9.1,-5.3,-0.5,1.276547e-05
596,65.84,-0.91,0.66,1.24e-05,138.6,-23.7,-24.8,-9.2,-4.9,-0.3,1.2772e-05
597,65.74,-0.91,0.66,1.249e-05,139.0,-24.3,-27.9,-9.4,-3.6,-0.5,1.272731e-05
598,65.64,-0.91,0.66,1.257e-05,139.4,-24.8,-30.3,-9.5,-4.3,-0.3,1.2293459999999999e-05
599,65.54,-0.91,0.66,1.266e-05,139.8,-25.3,-31.6,-9.7,-7.0,0.0,1.243212e-05
600,65.44,-0.91,0.66,1.275e-05,140.2,-25.8,-34.9,-9.8,-5.6,-0.3,1.2393e-05
601,65.34,-0.91,0.66,1.284e-05,140.5,-26.4,-37.4,-9.9,-5.8,-0.1,1.241628e-05
602,65.24,-0.91,0.66,1.293e-05,140.9,-26.9,-38.8,-10.1,-7.0,-0.1,1.250331e-05
603,65.14,-0.91,0.66,1.302e-05,141.3,-27.4,-41.7,-10.2,-7.8,-0.3,1.261638e-05
604,65.04,-0.91,0.66,1.311e-05,141.7,-27.9,-41.5,-10.4,-6.8,-0.5,1.2624929999999999e-05
605,64.94,-0.9,0.66,1.306e-05,142.0,-28.0,-42.5,-10.8,-7.5,-0.4,1.265514e-05
606,64.84,-0.9,0.66,1.313e-05,142.2,-27.8,-44.1,-11.5,-7.2,-0.4,1.291992e-05
607,64.74,-0.9,0.66,1.321e-05,142.4,-27.5,-42.8,-12.1,-8.5,-0.4,1.330247e-05
608,64.64,-0.9,0.66,1.328e-05,142.6,-27.3,-44.5,-12.7,-7.5,-0.6,1.3585439999999998e-05
609,64.54,-0.9,0.66,1.336e-05,142.8,-27.1,-44.5,-13.4,-8.7,-0.9,1.325312e-05
610,64.44,-0.9,0.66,1.343e-05,143.0,-26.9,-42.5,-14.0,-8.1,-1.2,1.338971e-05
611,64.34,-0.9,0.66,1.351e-05,143.2,-26.7,-40.9,-14.6,-10.8,-1.2,1.3658609999999997e-05
612,64.24,-0.9,0.66,1.359e-05,143.5,-26.5,-41.9,-15.2,-15.1,-1.2,1.349487e-05
613,64.14,-0.9,0.66,1.367e-05,143.7,-26.3,-40.1,-15.9,-16.4,-0.7,1.3601649999999999e-05
614,64.04,-0.9,0.66,1.374e-05,143.9,-26.1,-42.8,-16.5,-17.8,-0.6,1.345146e-05
615,63.94,-0.9,0.66,1.382e-05,144.1,-25.8,-44.1,-17.1,-18.5,-0.8,1.3889099999999999e-05
616,63.84,-0.9,0.66,1.39e-05,144.3,-25.6,-43.8,-17.8,-19.2,-0.6,1.38722e-05
617,63.74,-0.9,0.66,1.398e-05,144.5,-25.4,-43.0,-18.4,-18.8,-0.7,1.442736e-05
618,63.64,-0.9,0.66,1.406e-05,144.7,-25.2,-41.0,-19.0,-18.6,-0.8,1.470676e-05
619,63.54,-0.9,0.66,1.414e-05,145.0,-25.0,-40.7,-19.7,-18.2,-0.5,1.488942e-05
620,63.44,-0.9,0.66,1.422e-05,145.2,-24.8,-39.8,-20.3,-18.8,-0.5,1.497366e-05
621,63.34,-0.9,0.66,1.43e-05,145.4,-24.6,-38.1,-20.9,-19.5,-0.1,1.47862e-05
622,63.24,-0.9,0.66,1.439e-05,145.6,-24.3,-37.9,-21.6,-20.2,-0.0,1.4922429999999998e-05
623,63.14,-0.9,0.66,1.447e-05,145.8,-24.1,-38.8,-22.2,-23.5,0.1,1.54829e-05
624,63.04,-0.9,0.66,1.455e-05,146.0,-23.9,-37.6,-22.8,-24.7,-0.3,1.564125e-05
625,62.94,-0.9,0.66,1.464e-05,146.2,-23.7,-39.7,-23.5,-23.8,-0.3,1.5811200000000002e-05
626,62.84,-0.9,0.66,1.472e-05,146.4,-23.5,-38.5,-24.1,-23.9,-0.4,1.592704e-05
627,62.74,-0.9,0.66,1.48e-05,146.7,-23.3,-38.0,-24.7,-24.6,-0.1,1.58508e-05
628,62.64,-0.9,0.66,1.489e-05,146.9,-23.1,-36.7,-25.4,-26.6,-0.1,1.588763e-05
629,62.54,-0.9,0.66,1.497e-05,147.1,-22.9,-35.8,-26.0,-28.3,-0.3,1.580832e-05
630,62.44,-0.9,0.66,1.506e-05,147.3,-22.6,-36.1,-26.6,-29.0,-0.0,1.585818e-05
631,62.34,-0.9,0.66,1.515e-05,147.5,-22.4,-35.9,-27.3,-28.9,-0.0,1.58166e-05
632,62.24,-0.9,0.66,1.523e-05,147.7,-22.2,-34.6,-27.9,-31.8,0.2,1.6265640000000002e-05
633,62.14,-0.9,0.66,1.532e-05,147.9,-22.0,-32.9,-28.5,-32.5,0.1,1.617792e-05
634,62.04,-0.9,0.66,1.541e-05,148.2,-21.8,-33.3,-29.2,-32.1,0.1,1.675067e-05
635,61.94,-0.9,0.66,1.55e-05,148.4,-21.6,-31.1,-29.8,-33.6,0.1,1.70965e-05
636,61.84,-0.9,0.66,1.559e-05,148.6,-21.4,-31.6,-30.4,-33.2,-0.0,1.6930740000000003e-05
637,61.74,-0.9,0.66,1.568e-05,148.8,-21.1,-28.9,-31.0,-34.3,-0.3,1.7200959999999997e-05
638,61.64,-0.9,0.66,1.577e-05,149.0,-20.9,-27.4,-31.7,-36.9,-0.2,1.777279e-05
639,61.54,-0.9,0.66,1.586e-05,149.2,-20.7,-26.7,-32.3,-35.4,-0.4,1.8016959999999998e-05
640,61.44,-0.9,0.66,1.595e-05,149.4,-20.5,-24.7,-32.9,-35.1,0.4,1.7848050000000003e-05
641,61.34,-0.9,0.66,1.604e-05,149.6,-20.3,-26.5,-33.6,-38.0,0.5,1.754776e-05
642,61.24,-0.9,0.66,1.614e-05,149.9,-20.1,-27.1,-34.2,-39.8,0.6,1.7431200000000003e-05
643,61.14,-0.9,0.66,1.623e-05,150.1,-19.9,-25.8,-34.8,-41.2,0.5,1.707396e-05
644,61.04,-0.9,0.66,1.632e-05,150.3,-19.7,-24.3,-35.5,-39.4,0.7,1.725024e-05
645,60.94,-0.9,0.66,1.642e-05,150.5,-19.4,-23.7,-36.1,-38.5,1.2,1.7569399999999998e-05
646,60.84,-0.9,0.66,1.651e-05,150.7,-19.2,-26.1,-36.7,-39.6,1.2,1.773174e-05
647,60.74,-0.9,0.66,1.661e-05,150.9,-19.0,-26.7,-37.4,-39.0,1.1,1.788897e-05
648,60.64,-0.9,0.66,1.671e-05,151.1,-18.8,-29.0,-38.0,-40.9,1.2,1.762905e-05
649,60.54,-0.9,0.66,1.68e-05,151.4,-18.6,-29.1,-38.6,-40.5,1.4,1.7623199999999998e-05
650,60.44,-0.9,0.66,1.69e-05,151.6,-18.4,-28.4,-39.3,-40.4,1.2,1.76436e-05
651,60.34,-0.9,0.66,1.7e-05,151.8,-18.2,-28.6,-39.9,-39.3,0.7,1.7816e-05
652,60.24,-0.9,0.66,1.71e-05,152.0,-17.9,-28.1,-40.5,-39.4,1.1,1.8211499999999997e-05
653,60.14,-0.9,0.66,1.72e-05,152.2,-17.7,-29.1,-41.2,-37.5,1.2,1.83868e-05
654,60.04,-0.9,0.66,1.729e-05,152.4,-17.5,-26.5,-41.8,-39.9,1.3,1.856946e-05
655,59.94,-0.9,0.66,1.746e-05,152.4,-16.9,-26.2,-41.8,-41.3,1.5,1.9118699999999997e-05
656,59.84,-0.9,0.66,1.766e-05,152.2,-16.1,-25.3,-41.5,-40.5,1.6,1.9284720000000003e-05
657,59.74,-0.9,0.66,1.787e-05,152.1,-15.3,-26.2,-41.2,-42.7,2.0,1.978209e-05
658,59.64,-0.9,0.66,1.808e-05,151.9,-14.4,-25.9,-40.9,-43.9,1.5,1.965296e-05
659,59.54,-0.9,0.66,1.829e-05,151.8,-13.6,-25.2,-40.6,-44.0,1.3,1.9862940000000002e-05
660,59.44,-0.9,0.66,1.85e-05,151.6,-12.8,-24.4,-40.3,-45.1,1.3,2.0202e-05
661,59.34,-0.9,0.66,1.872e-05,151.5,-12.0,-22.8,-39.9,-45.7,1.6,1.9581120000000003e-05
662,59.24,-0.9,0.66,1.893e-05,151.3,-11.1,-19.2,-39.6,-44.1,1.5,2.000901e-05
663,59.14,-0.9,0.66,1.915e-05,151.2,-10.3,-16.7,-39.3,-43.8,1.1,2.020325e-05
664,59.04,-0.9,0.66,1.938e-05,151.0,-9.5,-15.4,-39.0,-44.9,1.1,2.04459e-05
665,58.94,-0.9,0.66,1.96e-05,150.8,-8.7,-13.6,-38.7,-43.9,0.6,2.05016e-05
666,58.84,-0.9,0.66,1.983e-05,150.7,-7.8,-10.0,-38.4,-44.0,0.7,2.064303e-05
667,58.74,-0.9,0.66,2.006e-05,150.5,-7.0,-8.8,-38.1,-41.1,0.5,2.082228e-05
668,58.64,-0.9,0.66,2.03e-05,150.4,-6.2,-10.1,-37.8,-40.8,0.8,2.13556e-05
669,58.54,-0.9,0.66,2.053e-05,150.2,-5.4,-10.1,-37.5,-39.5,0.5,2.1597560000000002e-05
670,58.44,-0.9,0.67,2.077e-05,150.1,-4.5,-10.9,-37.1,-38.5,0.5,2.16008e-05
671,58.34,-0.9,0.67,2.101e-05,149.9,-3.7,-10.3,-36.8,-38.7,0.6,2.2270600000000003e-05
672,58.24,-0.9,0.67,2.126e-05,149.8,-2.9,-8.5,-36.5,-39.3,0.4,2.262064e-05
673,58.14,-0.9,0.67,2.151e-05,149.6,-2.1,-9.6,-36.2,-40.2,0.6,2.2994189999999997e-05
674,58.04,-0.9,0.67,2.176e-05,149.4,-1.2,-8.9,-35.9,-40.6,0.5,2.3391999999999996e-05
675,57.94,-0.9,0.67,2.201e-05,149.3,-0.4,-9.3,-35.6,-40.6,1.2,2.366075e-05
676,57.84,-0.9,0.67,2.227e-05,149.1,0.4,-6.3,-35.3,-41.8,1.3,2.4073869999999998e-05
677,57.74,-0.9,0.67,2.253e-05,149.0,1.2,-9.2,-35.0,-40.2,1.6,2.467035e-05
678,57.64,-0.9,0.67,2.279e-05,148.8,2.1,-9.7,-34.6,-39.5,1.3,2.4977840000000003e-05
679,57.54,-0.9,0.67,2.305e-05,148.7,2.9,-8.7,-34.3,-38.8,0.4,2.570075e-05
680,57.44,-0.9,0.67,2.332e-05,148.5,3.7,-7.7,-34.0,-37.0,0.5,2.660812e-05
681,57.34,-0.9,0.67,2.36e-05,148.4,4.5,-8.6,-33.7,-37.1,0.7,2.65972e-05
682,57.24,-0.9,0.67,2.387e-05,148.2,5.4,-8.0,-33.4,-36.2,0.2,2.7020839999999997e-05
683,57.14,-0.9,0.67,2.415e-05,148.0,6.2,-6.1,-33.1,-37.4,0.1,2.7893250000000003e-05
684,57.04,-0.9,0.67,2.443e-05,147.9,7.0,-6.4,-32.8,-36.9,-0.2,2.792349e-05
685,56.94,-0.9,0.67,2.472e-05,147.7,7.8,-6.3,-32.5,-34.8,-0.4,2.781e-05
686,56.84,-0.9,0.67,2.5e-05,147.6,8.7,-4.6,-32.1,-33.3,-0.1,2.7725e-05
687,56.74,-0.9,0.67,2.53e-05,147.4,9.5,-2.2,-31.8,-32.9,-0.4,2.7855299999999997e-05
688,56.64,-0.9,0.67,2.559e-05,147.3,10.3,-3.8,-31.5,-35.4,-0.1,2.8379310000000002e-05
689,56.54,-0.9,0.67,2.589e-05,147.1,11.1,-2.3,-31.2,-37.7,-0.2,2.8427220000000003e-05
690,56.44,-0.9,0.67,2.619e-05,147.0,12.0,-2.4,-30.9,-37.2,0.0,2.8809000000000005e-05
691,56.34,-0.9,0.67,2.65e-05,146.8,12.8,-2.0,-30.6,-38.4,0.1,2.8991000000000004e-05
692,56.24,-0.9,0.67,2.681e-05,146.6,13.6,-0.2,-30.3,-38.6,0.4,2.930333e-05
693,56.14,-0.9,0.67,2.712e-05,146.5,14.4,-0.4,-30.0,-38.2,0.6,2.9398080000000004e-05
694,56.04,-0.9,0.67,2.744e-05,146.3,15.3,-0.0,-29.7,-37.7,0.4,2.9470560000000003e-05
695,55.94,-0.9,0.67,2.776e-05,146.2,16.1,1.2,-29.3,-36.6,0.2,2.995304e-05
696,55.84,-0.9,0.67,2.808e-05,146.0,16.9,2.3,-29.0,-37.2,-0.0,3.041064e-05
697,55.74,-0.9,0.67,2.841e-05,145.9,17.7,2.5,-28.7,-35.5,-0.2,3.1251e-05
698,55.64,-0.9,0.67,2.874e-05,145.7,18.6,2.9,-28.4,-34.6,-0.3,3.138408e-05
699,55.54,-0.9,0.67,2.908e-05,145.6,19.4,1.8,-28.1,-32.7,-0.6,3.245328e-05
700,55.44,-0.9,0.67,2.942e-05,145.4,20.2,3.3,-27.8,-32.1,-0.7,3.2715040000000004e-05
701,55.34,-0.9,0.67,2.976e-05,145.2,21.0,3.4,-27.5,-31.8,-0.7,3.3212160000000004e-05
702,55.24,-0.9,0.67,3.011e-05,145.1,21.9,3.8,-27.2,-32.9,-0.7,3.321133e-05
703,55.14,-0.9,0.67,3.046e-05,144.9,22.7,6.1,-26.8,-32.1,-0.4,3.3658299999999996e-05
704,55.04,-0.9,0.67,3.082e-05,144.8,23.5,5.7,-26.5,-32.3,-0.1,3.362462e-05
705,54.94,-0.9,0.67,3.124e-05,144.5,23.2,6.0,-26.1,-32.9,-0.2,3.4051600000000004e-05
706,54.84,-0.9,0.67,3.171e-05,144.2,22.3,4.3,-25.6,-31.3,-0.3,3.507126e-05
707,54.74,-0.9,0.67,3.218e-05,143.9,21.5,3.1,-25.0,-30.0,-0.1,3.543018e-05
708,54.64,-0.9,0.67,3.266e-05,143.6,20.6,1.9,-24.5,-29.3,0.0,3.5795360000000003e-05
709,54.54,-0.9,0.67,3.314e-05,143.3,19.7,0.4,-24.0,-29.5,-0.0,3.5691779999999995e-05
710,54.44,-0.9,0.67,3.364e-05,143.0,18.8,-0.3,-23.5,-30.4,-0.4,3.569204e-05
711,54.34,-0.9,0.67,3.414e-05,142.7,17.9,-2.3,-23.0,-29.4,-0.8,3.683706e-05
712,54.24,-0.9,0.67,3.465e-05,142.4,17.0,-0.8,-22.4,-30.2,-0.5,3.70755e-05
713,54.14,-0.9,0.67,3.516e-05,142.1,16.1,-1.1,-21.9,-30.6,-0.6,3.804312e-05
714,54.04,-0.9,0.67,3.569e-05,141.8,15.2,-0.9,-21.4,-31.0,-0.6,3.875934e-05
715,53.94,-0.9,0.67,3.622e-05,141.5,14.4,-1.3,-20.9,-29.5,-0.3,3.955224000000001e-05
716,53.84,-0.9,0.67,3.676e-05,141.2,13.5,-0.4,-20.3,-27.5,-0.1,4.003164e-05
717,53.74,-0.9,0.67,3.731e-05,140.9,12.6,-1.9,-19.8,-28.9,0.1,4.130217e-05
718,53.64,-0.9,0.67,3.787e-05,140.6,11.7,-1.0,-19.3,-29.6,-0.1,4.1694870000000004e-05
719,53.54,-0.9,0.67,3.843e-05,140.3,10.8,-3.3,-18.8,-29.0,-0.2,4.2426720000000006e-05
720,53.44,-0.9,0.67,3.901e-05,140.0,9.9,-5.3,-18.3,-30.1,-0.4,4.279397e-05
721,53.34,-0.9,0.67,3.959e-05,139.7,9.0,-5.6,-17.7,-31.4,-0.3,4.31531e-05
722,53.24,-0.9,0.67,4.018e-05,139.4,8.1,-7.4,-17.2,-28.8,0.0,4.4037280000000005e-05
723,53.14,-0.9,0.67,4.078e-05,139.1,7.3,-7.9,-16.7,-27.2,0.2,4.4450200000000003e-05
724,53.04,-0.9,0.67,4.139e-05,138.8,6.4,-10.3,-16.2,-27.1,1.0,4.465981e-05
725,52.94,-0.9,0.67,4.201e-05,138.5,5.5,-12.2,-15.7,-24.8,0.8,4.5454820000000005e-05
726,52.84,-0.9,0.67,4.264e-05,138.2,4.6,-13.9,-15.1,-23.8,0.4,4.571008e-05
727,52.74,-0.9,0.67,4.328e-05,137.9,3.7,-14.3,-14.6,-24.3,0.4,4.6699119999999996e-05
728,52.64,-0.9,0.67,4.393e-05,137.6,2.8,-16.0,-14.1,-24.7,0.4,4.748833e-05
729,52.54,-0.9,0.67,4.459e-05,137.3,1.9,-18.8,-13.6,-21.9,0.4,4.762212e-05
730,52.44,-0.9,0.67,4.526e-05,137.0,1.0,-19.7,-13.0,-21.9,0.2,4.770404e-05
731,52.34,-0.9,0.67,4.593e-05,136.7,0.2,-21.4,-12.5,-21.9,0.0,4.877766e-05
732,52.24,-0.9,0.67,4.662e-05,136.4,-0.7,-22.2,-12.0,-20.0,0.2,4.979016e-05
733,52.14,-0.9,0.67,4.732e-05,136.1,-1.6,-23.2,-11.5,-19.4,-0.1,5.0395799999999996e-05
734,52.04,-0.9,0.67,4.803e-05,135.8,-2.5,-24.8,-11.0,-17.4,0.1,5.0815740000000005e-05
735,51.94,-0.9,0.67,4.875e-05,135.5,-3.4,-23.9,-10.4,-15.0,0.7,5.1285e-05
736,51.84,-0.9,0.67,4.949e-05,135.2,-4.3,-27.2,-9.9,-13.8,1.0,5.201399e-05
737,51.74,-0.9,0.67,5.023e-05,134.9,-5.2,-27.7,-9.4,-11.9,1.2,5.3193569999999996e-05
738,51.64,-0.9,0.67,5.098e-05,134.6,-6.1,-26.8,-8.9,-13.7,1.0,5.4599580000000004e-05
739,51.54,-0.9,0.67,5.175e-05,134.3,-6.9,-26.8,-8.4,-12.3,1.1,5.5424249999999994e-05
740,51.44,-0.9,0.67,5.253e-05,134.0,-7.8,-28.3,-7.8,-11.8,1.5,5.6732400000000006e-05
741,51.34,-0.9,0.67,5.332e-05,133.7,-8.7,-28.8,-7.3,-10.6,1.8,5.614595999999999e-05
742,51.24,-0.9,0.67,5.412e-05,133.4,-9.6,-28.5,-6.8,-9.9,2.1,5.666363999999999e-05
743,51.14,-0.9,0.67,5.494e-05,133.1,-10.5,-28.5,-6.3,-8.6,1.6,5.741229999999999e-05
744,51.04,-0.9,0.67,5.576e-05,132.8,-11.4,-29.5,-5.7,-7.0,1.3,5.921712000000001e-05
745,50.94,-0.9,0.67,5.661e-05,132.5,-12.3,-31.9,-5.2,-5.8,1.5,6.040287e-05
746,50.84,-0.9,0.67,5.746e-05,132.2,-13.1,-33.1,-4.7,-5.0,1.1,6.0735219999999995e-05
747,50.74,-0.9,0.67,5.832e-05,131.9,-14.0,-33.7,-4.2,-3.2,1.4,6.141096e-05
748,50.64,-0.9,0.67,5.92e-05,131.6,-14.9,-34.3,-3.7,-0.2,1.2,6.251520000000001e-05
749,50.54,-0.9,0.67,6.01e-05,131.3,-15.8,-34.4,-3.1,1.0,1.6,6.35858e-05
750,50.44,-0.9,0.67,6.1e-05,131.0,-16.7,-37.1,-2.6,0.8,1.7,6.3989e-05
751,50.34,-0.9,0.67,6.193e-05,130.7,-17.6,-39.2,-2.1,0.0,1.5,6.459299e-05
752,50.24,-0.9,0.67,6.286e-05,130.4,-18.5,-39.2,-1.6,1.6,1.6,6.568870000000001e-05
753,50.14,-0.9,0.67,6.381e-05,130.1,-19.4,-39.5,-1.1,2.7,1.3,6.559668000000001e-05
754,50.04,-0.9,0.67,6.477e-05,129.8,-20.2,-41.1,-0.5,2.9,1.4,6.528816e-05
755,49.94,-0.9,0.67,6.571e-05,129.7,-20.9,-41.1,-0.1,5.2,1.3,6.538145000000001e-05
756,49.84,-0.9,0.67,6.664e-05,129.7,-21.4,-43.6,0.2,7.4,1.1,6.624016e-05
757,49.74,-0.9,0.67,6.758e-05,129.7,-22.0,-42.9,0.6,7.4,1.1,6.663388e-05
758,49.64,-0.9,0.67,6.853e-05,129.7,-22.5,-42.2,0.9,8.2,1.0,6.654262999999999e-05
759,49.54,-0.9,0.67,6.95e-05,129.7,-23.0,-42.3,1.3,8.0,1.3,6.80405e-05
760,49.44,-0.9,0.67,7.048e-05,129.7,-23.5,-41.1,1.6,9.0,1.3,6.885896e-05
761,49.34,-0.9,0.68,7.147e-05,129.7,-24.0,-40.4,2.0,11.6,1.0,6.968325000000001e-05
762,49.24,-0.9,0.68,7.248e-05,129.7,-24.6,-39.8,2.3,11.6,1.1,7.124784e-05
763,49.14,-0.9,0.68,7.35e-05,129.8,-25.1,-40.5,2.7,10.6,0.6,7.114799999999999e-05
764,49.04,-0.9,0.68,7.454e-05,129.8,-25.6,-41.0,3.0,10.6,0.3,7.252742e-05
765,48.94,-0.9,0.68,7.559e-05,129.8,-26.1,-41.3,3.4,10.0,0.2,7.48341e-05
766,48.84,-0.9,0.68,7.665e-05,129.8,-26.7,-41.9,3.7,10.7,-0.1,7.680330000000001e-05
767,48.74,-0.9,0.68,7.773e-05,129.8,-27.2,-42.2,4.1,11.7,-0.2,7.796319e-05
768,48.64,-0.9,0.68,7.883e-05,129.8,-27.7,-42.7,4.4,12.9,-0.0,7.977596e-05
769,48.54,-0.9,0.68,7.994e-05,129.8,-28.2,-43.2,4.8,11.9,0.1,8.097921999999999e-05
770,48.44,-0.9,0.68,8.107e-05,129.8,-28.8,-43.6,5.1,12.9,0.2,8.090786e-05
771,48.34,-0.9,0.68,8.221e-05,129.8,-29.3,-43.8,5.4,13.1,0.2,8.352536e-05
772,48.24,-0.9,0.68,8.337e-05,129.8,-29.8,-44.0,5.8,14.6,0.1,8.42037e-05
773,48.14,-0.9,0.68,8.455e-05,129.8,-30.3,-44.5,6.1,15.1,-0.1,8.370449999999999e-05
774,48.04,-0.9,0.68,8.574e-05,129.8,-30.9,-45.9,6.5,16.4,0.2,8.376798e-05
775,47.94,-0.9,0.68,8.695e-05,129.8,-31.4,-46.2,6.8,16.2,0.2,8.564575e-05
776,47.84,-0.9,0.68,8.817e-05,129.8,-31.9,-45.9,7.2,15.4,0.3,8.667111e-05
777,47.74,-0.9,0.68,8.942e-05,129.8,-32.4,-45.7,7.5,15.5,0.1,8.807869999999999e-05
778,47.64,-0.9,0.68,9.068e-05,129.8,-33.0,-46.1,7.9,15.2,-0.1,8.904776e-05
779,47.54,-0.9,0.68,9.196e-05,129.8,-33.5,-47.9,8.2,16.5,-0.1,9.012079999999999e-05
780,47.44,-0.9,0.68,9.325e-05,129.8,-34.0,-49.7,8.6,15.9,-0.1,9.147825e-05
781,47.34,-0.9,0.68,9.457e-05,129.8,-34.5,-52.0,8.9,15.6,-0.2,9.343516e-05
782,47.24,-0.9,0.68,9.59e-05,129.8,-35.1,-51.1,9.3,16.6,-0.4,9.41738e-05
783,47.14,-0.9,0.68,9.725e-05,129.8,-35.6,-52.8,9.6,16.8,-0.6,9.4527e-05
784,47.04,-0.9,0.68,9.862e-05,129.8,-36.1,-52.7,10.0,16.7,-0.7,9.477382e-05
785,46.94,-0.9,0.68,0.0001,129.8,-36.6,-51.0,10.3,18.2,-0.6,9.44e-05
786,46.84,-0.9,0.68,0.0001014,129.8,-37.2,-51.7,10.7,18.4,-0.6,9.572159999999999e-05
787,46.74,-0.9,0.68,0.0001029,129.8,-37.7,-53.2,11.0,19.7,-0.4,9.60057e-05
788,46.64,-0.9,0.68,0.0001043,129.8,-38.2,-53.2,11.4,20.1,-0.7,9.731190000000001e-05
789,46.54,-0.9,0.68,0.0001058,129.8,-38.7,-50.9,11.7,21.9,-0.7,9.79708e-05
790,46.44,-0.9,0.68,0.0001073,129.9,-39.3,-50.9,12.1,23.5,-0.6,9.925250000000001e-05
791,46.34,-0.9,0.68,0.0001088,129.9,-39.8,-49.7,12.4,24.1,-0.4,0.00010183680000000001
792,46.24,-0.9,0.68,0.0001103,129.9,-40.3,-49.7,12.8,25.0,-0.0,0.0001035717
793,46.14,-0.9,0.68,0.0001119,129.9,-40.8,-50.4,13.1,24.9,0.2,0.0001041789
794,46.04,-0.9,0.68,0.0001134,129.9,-41.4,-51.0,13.4,24.8,-0.1,0.0001052352
795,45.94,-0.9,0.68,0.000115,129.9,-41.9,-51.6,13.8,27.4,-0.1,0.00010499500000000001
796,45.84,-0.9,0.68,0.0001167,129.9,-42.4,-52.4,14.1,27.9,-0.4,0.0001056135
797,45.74,-0.9,0.68,0.0001183,129.9,-42.9,-53.6,14.5,28.2,-0.4,0.00010753470000000001
798,45.64,-0.9,0.68,0.00012,129.9,-43.5,-53.6,14.8,28.8,-0.8,0.00010884000000000001
799,45.54,-0.9,0.68,0.0001217,129.9,-44.0,-53.7,15.2,28.8,-0.7,0.00010843470000000001
800,45.44,-0.9,0.68,0.0001234,129.9,-44.5,-54.3,15.5,27.2,-0.8,0.0001113068
801,45.34,-0.9,0.68,0.0001251,129.9,-45.0,-55.0,15.9,26.9,-0.5,0.00011284020000000001
802,45.24,-0.9,0.68,0.0001269,129.9,-45.6,-57.2,16.2,27.5,-0.6,0.0001159866
803,45.14,-0.9,0.68,0.0001287,129.9,-46.1,-58.9,16.6,26.6,-0.5,0.00011879010000000001
804,45.04,-0.9,0.68,0.0001305,129.9,-46.6,-60.5,16.9,28.7,-0.5,0.00012045150000000001
805,44.94,-0.9,0.68,0.0001322,130.0,-46.9,-61.4,17.0,27.2,-0.6,0.00012202059999999999
806,44.84,-0.9,0.68,0.0001339,130.2,-47.0,-60.3,17.0,27.9,-0.9,0.00012198290000000001
807,44.74,-0.9,0.68,0.0001356,130.3,-47.2,-60.2,17.0,27.3,-1.2,0.0001223112
808,44.64,-0.9,0.68,0.0001373,130.5,-47.3,-59.6,17.0,27.6,-1.4,0.0001226089
809,44.54,-0.9,0.68,0.0001391,130.7,-47.5,-59.8,17.0,29.4,-1.6,0.00012477269999999999
810,44.44,-0.9,0.68,0.0001409,130.8,-47.6,-60.3,17.0,30.0,-1.4,0.0001261055
811,44.34,-0.9,0.68,0.0001427,131.0,-47.8,-60.1,17.0,29.0,-1.5,0.0001280019
812,44.24,-0.9,0.68,0.0001445,131.2,-47.9,-61.1,17.0,30.1,-1.8,0.000129472
813,44.14,-0.9,0.68,0.0001463,131.3,-48.1,-60.7,16.9,30.5,-1.8,0.00013342560000000002
814,44.04,-0.9,0.68,0.0001482,131.5,-48.2,-60.4,16.9,29.7,-1.9,0.0001360476
815,43.94,-0.9,0.68,0.0001501,131.7,-48.4,-59.5,16.9,29.8,-1.4,0.0001376417
816,43.84,-0.9,0.68,0.000152,131.8,-48.5,-57.2,16.9,29.0,-1.2,0.00014136000000000002
817,43.74,-0.9,0.68,0.0001539,132.0,-48.7,-57.1,16.9,28.3,-1.1,0.0001426653
818,43.64,-0.9,0.68,0.0001559,132.2,-48.8,-57.7,16.9,29.0,-0.9,0.0001443634
819,43.54,-0.9,0.68,0.0001579,132.3,-49.0,-57.6,16.9,28.6,-1.1,0.0001462154
820,43.44,-0.9,0.68,0.0001599,132.5,-49.1,-58.9,16.9,28.9,-1.1,0.00014886690000000003
821,43.34,-0.9,0.68,0.0001619,132.7,-49.3,-58.1,16.9,26.4,-0.8,0.0001518622
822,43.24,-0.9,0.68,0.000164,132.8,-49.4,-58.3,16.8,25.8,-0.4,0.000155144
823,43.14,-0.9,0.68,0.0001661,133.0,-49.5,-59.5,16.8,25.0,-0.0,0.00015580179999999998
824,43.04,-0.9,0.68,0.0001682,133.2,-49.7,-59.1,16.8,23.7,-0.2,0.0001587808
825,42.94,-0.9,0.68,0.0001704,133.3,-49.8,-59.1,16.8,23.1,-0.3,0.0001596648
826,42.84,-0.9,0.68,0.0001725,133.5,-50.0,-60.7,16.8,22.8,-0.1,0.00016283999999999998
827,42.74,-0.9,0.68,0.0001747,133.7,-50.1,-60.0,16.8,21.5,-0.2,0.00016928429999999998
828,42.64,-0.9,0.68,0.000177,133.8,-50.3,-61.0,16.8,21.8,-0.2,0.00016956599999999998
829,42.54,-0.9,0.68,0.0001792,134.0,-50.4,-61.9,16.8,21.0,-0.3,0.0001748992
830,42.44,-0.9,0.68,0.0001815,134.1,-50.6,-63.5,16.8,19.8,-0.6,0.000176781
831,42.34,-0.9,0.68,0.0001839,134.3,-50.7,-64.2,16.7,20.7,-0.6,0.0001770957
832,42.24,-0.9,0.68,0.0001862,134.5,-50.9,-64.3,16.7,20.1,-0.7,0.00017968299999999998
833,42.14,-0.9,0.68,0.0001886,134.6,-51.0,-64.9,16.7,20.0,-0.6,0.0001835078
834,42.04,-0.9,0.68,0.000191,134.8,-51.2,-64.8,16.7,20.8,-0.5,0.000183169
835,41.94,-0.9,0.68,0.0001934,135.0,-51.3,-65.5,16.7,19.8,-0.3,0.0001854706
836,41.84,-0.9,0.68,0.0001959,135.1,-51.5,-65.2,16.7,19.1,-0.4,0.000188064
837,41.74,-0.9,0.68,0.0001984,135.3,-51.6,-65.1,16.7,19.2,-0.2,0.0001896704
838,41.64,-0.9,0.68,0.000201,135.5,-51.8,-65.4,16.7,20.7,-0.1,0.000195573
839,41.54,-0.9,0.68,0.0002035,135.6,-51.9,-66.9,16.7,21.2,-0.1,0.00019597050000000002
840,41.44,-0.9,0.68,0.0002061,135.8,-52.1,-66.6,16.6,21.3,-0.1,0.0001955889
841,41.34,-0.9,0.68,0.0002088,136.0,-52.2,-65.1,16.6,21.1,0.1,0.0001964808
842,41.24,-0.9,0.68,0.0002114,136.1,-52.4,-64.4,16.6,19.1,-0.1,0.00019871599999999999
843,41.14,-0.9,0.68,0.0002141,136.3,-52.5,-65.1,16.6,20.5,-0.2,0.0002036091
844,41.04,-0.9,0.68,0.0002169,136.5,-52.7,-66.1,16.6,20.0,-0.4,0.000208224
845,40.94,-0.9,0.68,0.0002197,136.6,-52.8,-65.8,16.6,20.2,-0.2,0.0002113514
846,40.84,-0.9,0.68,0.0002225,136.8,-52.9,-68.1,16.6,19.7,-0.0,0.00021271
847,40.74,-0.9,0.68,0.0002253,137.0,-53.1,-68.2,16.6,22.3,-0.2,0.00021741449999999998
848,40.64,-0.9,0.68,0.0002282,137.1,-53.2,-67.4,16.5,22.7,-0.5,0.0002222668
849,40.54,-0.9,0.68,0.0002311,137.3,-53.4,-65.7,16.5,22.4,-0.4,0.0002255536
850,40.44,-0.9,0.68,0.0002341,137.5,-53.5,-65.0,16.5,21.5,-0.6,0.0002289498
851,40.34,-0.9,0.68,0.0002371,137.6,-53.7,-64.9,16.5,20.9,-0.5,0.00023544029999999998
852,40.24,-0.9,0.69,0.0002401,137.8,-53.8,-64.8,16.5,19.1,-0.5,0.00023625840000000001
853,40.14,-0.9,0.69,0.0002432,138.0,-54.0,-65.1,16.5,17.9,-0.7,0.0002417408
854,40.04,-0.9,0.69,0.0002463,138.1,-54.1,-64.8,16.5,19.2,-0.9,0.00024383700000000003
855,39.94,-0.9,0.69,0.0002492,138.4,-54.1,-65.8,16.3,18.5,-0.5,0.00024645879999999997
856,39.84,-0.9,0.69,0.000252,138.6,-54.1,-67.0,16.1,18.7,-0.1,0.000248976
857,39.74,-0.9,0.69,0.0002549,138.9,-54.0,-66.2,15.8,16.7,-0.1,0.00024980200000000003
858,39.64,-0.9,0.69,0.0002578,139.2,-53.9,-68.6,15.6,16.3,-0.3,0.00025006599999999996
859,39.54,-0.9,0.69,0.0002607,139.5,-53.8,-68.3,15.4,13.5,-0.3,0.0002539218
860,39.44,-0.9,0.69,0.0002637,139.8,-53.8,-67.0,15.1,14.4,-0.5,0.0002576349
861,39.34,-0.9,0.69,0.0002666,140.0,-53.7,-65.7,14.9,13.7,-0.5,0.0002602016
862,39.24,-0.9,0.69,0.0002697,140.3,-53.6,-65.6,14.6,12.8,-0.7,0.0002648454
863,39.14,-0.9,0.69,0.0002727,140.6,-53.5,-65.1,14.4,11.8,-0.7,0.00026751870000000003
864,39.04,-0.9,0.69,0.0002758,140.9,-53.5,-63.8,14.2,11.8,-0.3,0.000274421
865,38.94,-0.9,0.69,0.0002789,141.1,-53.4,-64.4,13.9,12.1,-0.4,0.00027917889999999997
866,38.84,-0.9,0.69,0.0002821,141.4,-53.3,-64.4,13.7,14.0,0.0,0.0002840747
867,38.74,-0.9,0.69,0.0002853,141.7,-53.2,-63.4,13.4,14.0,0.1,0.0002835882
868,38.64,-0.9,0.69,0.0002885,142.0,-53.2,-63.3,13.2,15.2,0.4,0.00028532650000000003
869,38.54,-0.9,0.69,0.0002918,142.3,-53.1,-63.2,13.0,16.0,0.2,0.0002885902
870,38.44,-0.9,0.69,0.0002951,142.5,-53.0,-61.8,12.7,15.1,0.1,0.0002883127
871,38.34,-0.9,0.69,0.0002985,142.8,-52.9,-61.3,12.5,14.9,-0.0,0.0002892465
872,38.24,-0.9,0.69,0.0003019,143.1,-52.9,-59.8,12.2,14.7,0.1,0.0002943525
873,38.14,-0.9,0.69,0.0003053,143.4,-52.8,-60.5,12.0,15.4,0.2,0.0002970569
874,38.04,-0.9,0.69,0.0003088,143.6,-52.7,-61.1,11.8,14.7,0.0,0.0002970656
875,37.94,-0.9,0.69,0.0003123,143.9,-52.6,-60.5,11.5,14.1,0.3,0.0002991834
876,37.84,-0.9,0.69,0.0003158,144.2,-52.6,-60.0,11.3,13.4,0.3,0.00030537859999999996
877,37.74,-0.9,0.69,0.0003194,144.5,-52.5,-62.5,11.1,14.1,0.3,0.0003079016
878,37.64,-0.9,0.69,0.0003231,144.8,-52.4,-64.0,10.8,12.9,0.1,0.0003027447
879,37.54,-0.9,0.69,0.0003268,145.0,-52.3,-62.6,10.6,12.1,0.1,0.00030947959999999997
880,37.44,-0.9,0.69,0.0003305,145.3,-52.2,-62.4,10.3,12.3,-0.1,0.000320585
881,37.34,-0.9,0.69,0.0003343,145.6,-52.2,-61.8,10.1,13.1,-0.2,0.0003212623
882,37.24,-0.9,0.69,0.0003381,145.9,-52.1,-62.4,9.9,11.4,-0.2,0.00032389979999999994
883,37.14,-0.9,0.69,0.0003419,146.2,-52.0,-61.4,9.6,11.6,-0.1,0.0003230955
884,37.04,-0.9,0.69,0.0003458,146.4,-51.9,-62.9,9.4,10.2,-0.0,0.0003264352
885,36.94,-0.9,0.69,0.0003498,146.7,-51.9,-63.9,9.1,10.9,-0.0,0.00032986139999999995
886,36.84,-0.9,0.69,0.0003538,147.0,-51.8,-63.4,8.9,10.1,-0.3,0.00033398719999999996
887,36.74,-0.9,0.69,0.0003578,147.3,-51.7,-62.9,8.7,9.1,-0.4,0.00033418520000000004
888,36.64,-0.9,0.69,0.0003619,147.5,-51.6,-63.0,8.4,9.9,-0.5,0.0003398241
889,36.54,-0.9,0.69,0.000366,147.8,-51.6,-62.9,8.2,9.2,-0.6,0.00034696799999999996
890,36.44,-0.9,0.69,0.0003702,148.1,-51.5,-62.7,7.9,8.4,-0.8,0.00035354099999999997
891,36.34,-0.9,0.69,0.0003745,148.4,-51.4,-63.4,7.7,8.1,-0.8,0.0003576475
892,36.24,-0.9,0.69,0.0003787,148.7,-51.3,-62.1,7.5,9.1,-0.7,0.00036165849999999995
893,36.14,-0.9,0.69,0.0003831,148.9,-51.3,-60.6,7.2,7.4,-0.9,0.00036700979999999996
894,36.04,-0.9,0.69,0.0003875,149.2,-51.2,-60.8,7.0,6.5,-0.7,0.00037936249999999996
895,35.94,-0.9,0.69,0.0003919,149.5,-51.1,-59.4,6.7,6.6,-0.7,0.0003836701
896,35.84,-0.9,0.69,0.0003964,149.8,-51.0,-60.7,6.5,6.8,-0.6,0.0003868864
897,35.74,-0.9,0.69,0.0004009,150.1,-51.0,-61.1,6.3,7.0,-1.0,0.0003956883
898,35.64,-0.9,0.69,0.0004055,150.3,-50.9,-61.0,6.0,7.0,-0.7,0.00039738999999999996
899,35.54,-0.9,0.69,0.0004102,150.6,-50.8,-61.4,5.8,6.6,-0.4,0.0004065082
900,35.44,-0.9,0.69,0.0004149,150.9,-50.7,-61.7,5.5,6.3,-0.3,0.0004095063
901,35.34,-0.9,0.69,0.0004196,151.2,-50.7,-60.6,5.3,5.6,-0.2,0.0004086904
902,35.24,-0.9,0.69,0.0004244,151.4,-50.6,-60.3,5.1,4.9,-0.0,0.0004142144
903,35.14,-0.9,0.69,0.0004293,151.7,-50.5,-59.8,4.8,2.1,-0.0,0.0004185675
904,35.04,-0.9,0.69,0.0004342,152.0,-50.4,-59.1,4.6,1.4,0.0,0.0004272528
905,34.94,-0.9,0.69,0.0004391,152.2,-50.2,-59.3,4.4,2.1,0.2,0.000434709
906,34.84,-0.9,0.69,0.0004439,152.5,-50.0,-58.1,4.3,3.0,0.1,0.0004430122
907,34.74,-0.9,0.69,0.0004487,152.7,-49.7,-57.1,4.2,2.9,0.1,0.000453187
908,34.64,-0.9,0.69,0.0004536,152.9,-49.5,-57.0,4.1,1.8,-0.0,0.00045813600000000005
909,34.54,-0.9,0.69,0.0004585,153.1,-49.2,-56.7,4.0,-0.2,0.1,0.000464919
910,34.44,-0.9,0.69,0.0004635,153.3,-48.9,-56.5,3.9,0.1,-0.1,0.000469062
911,34.34,-0.9,0.69,0.0004686,153.5,-48.7,-55.7,3.8,-0.5,0.1,0.00047188019999999995
912,34.24,-0.9,0.69,0.0004737,153.7,-48.4,-57.5,3.7,0.1,0.2,0.00047938440000000004
913,34.14,-0.9,0.69,0.0004788,154.0,-48.2,-57.1,3.7,-1.7,-0.1,0.0004816728
914,34.04,-0.9,0.69,0.0004841,154.2,-47.9,-56.3,3.6,-0.7,-0.1,0.0004879728
915,33.94,-0.9,0.69,0.0004894,154.4,-47.6,-55.6,3.5,-0.4,-0.3,0.0004938045999999999
916,33.84,-0.9,0.69,0.0004947,154.6,-47.4,-55.7,3.4,0.1,-0.5,0.0004986576
917,33.74,-0.9,0.69,0.0005001,154.8,-47.1,-55.6,3.3,-0.9,-0.6,0.0005036006999999999
918,33.64,-0.9,0.69,0.0005056,155.0,-46.9,-54.3,3.2,-2.3,-0.3,0.0005152064
919,33.54,-0.9,0.69,0.0005111,155.2,-46.6,-54.9,3.1,-2.1,-0.2,0.0005187665
920,33.44,-0.9,0.69,0.0005167,155.5,-46.3,-54.5,3.0,-1.9,-0.3,0.0005265173
921,33.34,-0.9,0.69,0.0005223,155.7,-46.1,-54.4,2.9,-2.7,-0.2,0.0005270006999999999
922,33.24,-0.9,0.69,0.000528,155.9,-45.8,-54.4,2.8,-2.0,-0.3,0.0005353920000000001
923,33.14,-0.9,0.69,0.0005338,156.1,-45.5,-54.0,2.7,-2.0,-0.5,0.0005396717999999999
924,33.04,-0.9,0.69,0.0005396,156.3,-45.3,-53.9,2.6,-2.5,-0.6,0.000544996
925,32.94,-0.9,0.69,0.0005455,156.5,-45.0,-52.9,2.5,-2.6,-0.9,0.000550955
926,32.84,-0.9,0.69,0.0005515,156.7,-44.8,-51.9,2.4,-2.8,-0.9,0.0005553604999999999
927,32.74,-0.9,0.69,0.0005575,157.0,-44.5,-51.5,2.3,-3.1,-0.9,0.0005625175
928,32.64,-0.9,0.69,0.0005636,157.2,-44.2,-50.1,2.2,-3.4,-0.8,0.0005613456000000001
929,32.54,-0.9,0.69,0.0005698,157.4,-44.0,-49.9,2.1,-4.1,-0.7,0.0005766376
930,32.44,-0.9,0.69,0.000576,157.6,-43.7,-50.0,2.0,-3.6,-0.8,0.000588672
931,32.34,-0.9,0.69,0.0005823,157.8,-43.5,-49.9,1.9,-3.6,-0.6,0.0005980221
932,32.24,-0.9,0.69,0.0005887,158.0,-43.2,-48.2,1.8,-4.1,-0.5,0.0006051836000000001
933,32.14,-0.9,0.69,0.0005951,158.2,-42.9,-47.3,1.7,-4.4,-0.3,0.000612953
934,32.04,-0.9,0.69,0.0006016,158.5,-42.7,-47.5,1.6,-3.5,-0.0,0.0006220544
935,31.94,-0.9,0.69,0.0006082,158.7,-42.4,-46.8,1.5,-3.7,-0.2,0.0006282706
936,31.84,-0.9,0.69,0.0006149,158.9,-42.2,-46.9,1.4,-4.7,-0.4,0.0006364215
937,31.74,-0.9,0.69,0.0006216,159.1,-41.9,-47.0,1.3,-5.3,-0.3,0.0006414912000000001
938,31.64,-0.9,0.69,0.0006284,159.3,-41.6,-45.8,1.2,-4.3,-0.3,0.0006415964
939,31.54,-0.9,0.69,0.0006353,159.5,-41.4,-44.5,1.1,-4.2,-0.3,0.000654359
940,31.44,-0.9,0.69,0.0006423,159.7,-41.1,-44.5,1.0,-4.3,-0.2,0.0006660651
941,31.34,-0.9,0.69,0.0006493,160.0,-40.8,-43.3,0.9,-3.8,-0.3,0.0006648832
942,31.24,-0.9,0.7,0.0006564,160.2,-40.6,-43.1,0.8,-3.3,-0.4,0.0006728099999999999
943,31.14,-0.9,0.7,0.0006636,160.4,-40.3,-42.5,0.7,-3.5,-0.4,0.0006788628
944,31.04,-0.9,0.7,0.0006709,160.6,-40.1,-41.7,0.6,-3.6,-0.4,0.0006903561
945,30.94,-0.9,0.7,0.0006783,160.8,-39.8,-41.6,0.5,-3.0,-0.4,0.0007020404999999999
946,30.84,-0.9,0.7,0.0006857,161.0,-39.5,-42.5,0.4,-3.4,-0.6,0.0007103852000000001
947,30.74,-0.9,0.7,0.0006932,161.2,-39.3,-43.4,0.3,-2.2,-0.6,0.000713996
948,30.64,-0.9,0.7,0.0007008,161.5,-39.0,-42.2,0.2,-1.0,-0.5,0.0007176192
949,30.54,-0.9,0.7,0.0007085,161.7,-38.8,-41.3,0.1,-2.1,-0.6,0.0007148765
950,30.44,-0.9,0.7,0.0007163,161.9,-38.5,-41.1,0.0,-2.5,-0.4,0.0007291934
951,30.34,-0.9,0.7,0.0007242,162.1,-38.2,-41.4,-0.1,-3.7,0.0,0.0007379598
952,30.24,-0.9,0.7,0.0007321,162.3,-38.0,-41.6,-0.2,-4.2,-0.0,0.000754063
953,30.14,-0.9,0.7,0.0007401,162.5,-37.7,-41.1,-0.3,-5.5,0.2,0.0007637832
954,30.04,-0.9,0.7,0.0007483,162.8,-37.5,-40.6,-0.4,-5.4,0.2,0.0007744904999999999
955,29.94,-0.9,0.7,0.0007561,163.0,-37.3,-40.7,-0.5,-4.9,0.0,0.0007840757
956,29.84,-0.9,0.7,0.0007637,163.2,-37.1,-40.4,-0.6,-4.6,-0.0,0.0007980664999999999
957,29.74,-0.9,0.7,0.0007714,163.4,-37.0,-41.1,-0.7,-5.2,0.1,0.000798399
958,29.64,-0.9,0.7,0.0007792,163.6,-36.9,-39.5,-0.8,-4.6,-0.1,0.0008041344
959,29.54,-0.9,0.7,0.000787,163.8,-36.8,-39.3,-0.9,-5.7,-0.2,0.000816119
960,29.44,-0.9,0.7,0.000795,164.0,-36.6,-37.9,-1.0,-4.9,-0.4,0.0008220300000000001
961,29.34,-0.9,0.7,0.000803,164.2,-36.5,-38.2,-1.1,-4.2,-0.4,0.0008214689999999999
962,29.24,-0.9,0.7,0.0008111,164.4,-36.4,-37.4,-1.2,-3.7,-0.4,0.0008411107
963,29.14,-0.9,0.7,0.0008193,164.7,-36.3,-37.4,-1.3,-3.5,-0.4,0.0008446983
964,29.04,-0.9,0.7,0.0008276,164.9,-36.1,-37.7,-1.4,-4.3,-0.4,0.0008549107999999999
965,28.94,-0.9,0.7,0.000836,165.1,-36.0,-38.0,-1.5,-3.7,-0.3,0.000863588
966,28.84,-0.9,0.7,0.0008444,165.3,-35.9,-38.9,-1.6,-4.1,-0.1,0.0008688875999999999
967,28.74,-0.9,0.7,0.0008529,165.5,-35.7,-40.9,-1.7,-3.7,-0.1,0.0008716638
968,28.64,-0.9,0.7,0.0008616,165.7,-35.6,-38.8,-1.8,-2.6,-0.3,0.0008788320000000001
969,28.54,-0.9,0.7,0.0008703,165.9,-35.5,-39.3,-1.9,-1.6,-0.4,0.0008816138999999998
970,28.44,-0.9,0.7,0.0008791,166.1,-35.4,-38.0,-2.0,-1.3,-0.8,0.0008878909999999999
971,28.34,-0.9,0.7,0.000888,166.3,-35.2,-38.5,-2.1,-1.8,-1.0,0.000902208
972,28.24,-0.9,0.7,0.0008969,166.6,-35.1,-37.5,-2.2,-0.3,-1.1,0.0009211162999999999
973,28.14,-0.9,0.7,0.000906,166.8,-35.0,-38.0,-2.3,-0.7,-1.1,0.000927744
974,28.04,-0.9,0.7,0.0009152,167.0,-34.8,-39.0,-2.4,-1.0,-1.4,0.0009353344
975,27.94,-0.9,0.7,0.0009245,167.2,-34.7,-38.6,-2.5,-2.2,-1.3,0.0009374429999999999
976,27.84,-0.9,0.7,0.0009338,167.4,-34.6,-39.1,-2.6,-2.4,-1.4,0.0009440717999999999
977,27.74,-0.9,0.7,0.0009433,167.6,-34.5,-39.2,-2.7,-2.8,-1.5,0.0009583928
978,27.64,-0.9,0.7,0.0009528,167.8,-34.3,-38.6,-2.8,-3.4,-1.5,0.0009623279999999999
979,27.54,-0.9,0.7,0.0009625,168.0,-34.2,-37.5,-2.9,-3.7,-1.3,0.000972125
980,27.44,-0.9,0.7,0.0009722,168.2,-34.1,-38.4,-3.0,-3.7,-0.9,0.0009809498
981,27.34,-0.9,0.7,0.0009821,168.5,-34.0,-39.2,-3.1,-2.8,-0.7,0.0009938852000000002
982,27.24,-0.9,0.7,0.000992,168.7,-33.8,-40.0,-3.2,-3.9,-0.7,0.0009989439999999999
983,27.14,-0.9,0.7,0.001002,168.9,-33.7,-39.7,-3.3,-3.4,-0.9,0.001005006
984,27.04,-0.9,0.7,0.001012,169.1,-33.6,-39.0,-3.4,-3.4,-1.1,0.001015036
985,26.94,-0.9,0.7,0.001022,169.3,-33.4,-38.8,-3.5,-3.5,-1.3,0.001013824
986,26.84,-0.9,0.7,0.001033,169.5,-33.3,-37.3,-3.6,-3.4,-1.6,0.001028868
987,26.74,-0.9,0.7,0.001043,169.7,-33.2,-37.7,-3.7,-3.0,-1.8,0.001036742
988,26.64,-0.9,0.7,0.001054,169.9,-33.1,-38.5,-3.8,-3.6,-2.1,0.00104873
989,26.54,-0.9,0.7,0.001065,170.1,-32.9,-38.9,-3.9,-3.0,-2.2,0.001051155
990,26.44,-0.9,0.7,0.001075,170.4,-32.8,-37.8,-4.0,-3.2,-2.0,0.00106855
991,26.34,-0.9,0.7,0.001086,170.6,-32.7,-36.9,-4.1,-2.7,-2.1,0.001077312
992,26.24,-0.9,0.7,0.001097,170.8,-32.5,-35.8,-4.2,-3.8,-1.8,0.001082739
993,26.14,-0.9,0.7,0.001108,171.0,-32.4,-36.7,-4.3,-3.8,-1.5,0.001105784
994,26.04,-0.9,0.7,0.00112,171.2,-32.3,-36.6,-4.4,-3.7,-1.4,0.00112448
995,25.94,-0.9,0.7,0.001131,171.4,-32.2,-36.8,-4.5,-3.8,-1.4,0.001132131
996,25.84,-0.9,0.7,0.001143,171.6,-32.0,-36.6,-4.6,-4.1,-1.4,0.001129284
997,25.74,-0.9,0.7,0.001154,171.8,-31.9,-36.4,-4.7,-5.0,-1.4,0.0011528460000000001
998,25.64,-0.9,0.7,0.001166,172.0,-31.8,-36.4,-4.8,-4.8,-1.2,0.001172996
999,25.54,-0.9,0.7,0.001178,172.3,-31.7,-36.9,-4.9,-4.9,-1.4,0.00118978
1000,25.44,-0.9,0.7,0.00119,172.5,-31.5,-36.7,-5.0,-4.5,-1.5,0.00120547
1001,25.34,-0.9,0.7,0.001202,172.7,-31.4,-35.8,-5.1,-4.0,-1.6,0.001211616
1002,25.24,-0.9,0.7,0.001214,172.9,-31.3,-36.2,-5.2,-5.6,-1.7,0.0012152139999999998
1003,25.14,-0.9,0.7,0.001226,173.1,-31.1,-35.6,-5.3,-4.3,-1.6,0.001224774
1004,25.04,-0.9,0.7,0.001239,173.3,-31.0,-35.0,-5.4,-3.9,-1.6,0.001236522
1005,24.94,-0.9,0.7,0.001251,173.5,-30.8,-34.4,-5.5,-4.8,-1.8,0.0012535019999999999
1006,24.84,-0.9,0.7,0.001264,173.7,-30.6,-34.4,-5.5,-4.6,-1.8,0.0012551519999999998
1007,24.74,-0.9,0.7,0.001276,173.9,-30.3,-34.2,-5.5,-3.9,-1.9,0.001259412
1008,24.64,-0.9,0.7,0.001289,174.1,-30.1,-32.8,-5.5,-3.7,-2.1,0.001283844
1009,24.54,-0.9,0.7,0.001302,174.2,-29.9,-32.6,-5.5,-4.1,-2.3,0.001302
1010,24.44,-0.9,0.7,0.001315,174.4,-29.6,-32.0,-5.5,-5.4,-2.2,0.00132026
1011,24.34,-0.9,0.7,0.001328,174.6,-29.4,-31.3,-5.5,-6.3,-2.4,0.0013346399999999998
1012,24.24,-0.9,0.7,0.001342,174.8,-29.2,-31.2,-5.5,-5.3,-2.3,0.001351394
1013,24.14,-0.9,0.7,0.001355,175.0,-28.9,-31.6,-5.5,-5.5,-2.2,0.00135771
1014,24.04,-0.9,0.7,0.001369,175.1,-28.7,-30.1,-5.5,-6.3,-2.1,0.001374476
1015,23.94,-0.9,0.7,0.001382,175.3,-28.5,-28.1,-5.5,-7.5,-2.0,0.001382
1016,23.84,-0.9,0.7,0.001396,175.5,-28.2,-27.8,-5.5,-8.7,-1.9,0.001397396
1017,23.74,-0.9,0.7,0.00141,175.7,-28.0,-27.8,-5.5,-7.7,-1.7,0.00140718
1018,23.64,-0.9,0.7,0.001424,175.9,-27.8,-26.5,-5.5,-8.0,-1.8,0.0014054879999999999
1019,23.54,-0.9,0.7,0.001439,176.1,-27.5,-27.9,-5.5,-9.1,-1.5,0.001417415
1020,23.44,-0.9,0.7,0.001453,176.2,-27.3,-28.2,-5.5,-8.2,-1.6,0.001439923
1021,23.34,-0.9,0.7,0.001467,176.4,-27.1,-28.3,-5.5,-7.3,-1.8,0.001450863
1022,23.24,-0.9,0.7,0.001482,176.6,-26.8,-28.6,-5.5,-8.2,-1.5,0.001464216
1023,23.14,-0.9,0.7,0.001497,176.8,-26.6,-28.1,-5.6,-8.5,-1.7,0.001479036
1024,23.04,-0.9,0.7,0.001512,177.0,-26.4,-29.4,-5.6,-8.0,-1.8,0.001486296
1025,22.94,-0.9,0.7,0.001527,177.2,-26.1,-28.4,-5.6,-9.1,-1.8,0.001510203
1026,22.84,-0.9,0.7,0.001543,177.3,-25.9,-27.6,-5.6,-9.4,-1.8,0.001519855
1027,22.74,-0.9,0.7,0.001558,177.5,-25.7,-26.1,-5.6,-8.6,-1.8,0.001545536
1028,22.64,-0.9,0.7,0.001574,177.7,-25.4,-26.6,-5.6,-8.1,-1.8,0.0015598340000000002
1029,22.54,-0.9,0.7,0.001589,177.9,-25.2,-26.0,-5.6,-7.5,-1.6,0.0015778769999999999
1030,22.44,-0.9,0.7,0.001605,178.1,-25.0,-25.8,-5.6,-6.7,-1.7,0.00159537
1031,22.34,-0.9,0.7,0.001621,178.2,-24.7,-25.7,-5.6,-6.9,-1.4,0.001614516
1032,22.24,-0.9,0.7,0.001638,178.4,-24.5,-25.5,-5.6,-7.2,-1.6,0.0016199819999999998
1033,22.14,-0.9,0.71,0.001654,178.6,-24.3,-24.9,-5.6,-7.0,-1.7,0.0016407680000000001
1034,22.04,-0.9,0.71,0.001671,178.8,-24.0,-23.8,-5.6,-6.9,-1.7,0.0016559609999999998
1035,21.94,-0.9,0.71,0.001688,179.0,-23.8,-23.1,-5.6,-6.9,-1.5,0.001676184
1036,21.84,-0.9,0.71,0.001704,179.2,-23.6,-22.8,-5.6,-7.4,-1.3,0.001693776
1037,21.74,-0.9,0.71,0.001722,179.3,-23.3,-22.8,-5.6,-7.9,-1.3,0.0016978919999999999
1038,21.64,-0.9,0.71,0.001739,179.5,-23.1,-23.2,-5.6,-8.1,-1.3,0.0017216100000000002
1039,21.54,-0.9,0.71,0.001756,179.7,-22.9,-22.1,-5.6,-9.0,-1.1,0.00173844
1040,21.44,-0.9,0.71,0.001774,179.9,-22.6,-21.5,-5.6,-8.8,-1.0,0.001766904
1041,21.34,-0.9,0.71,0.001792,180.1,-22.4,-21.2,-5.6,-8.7,-0.9,0.001775872
1042,21.24,-0.9,0.71,0.00181,180.3,-22.2,-20.9,-5.7,-10.9,-0.7,0.0017828499999999999
1043,21.14,-0.9,0.71,0.001828,180.4,-21.9,-20.2,-5.7,-11.1,-0.5,0.001795096
1044,21.04,-0.9,0.71,0.001846,180.6,-21.7,-21.1,-5.7,-11.1,-0.4,0.0018256939999999999
1045,20.94,-0.9,0.71,0.001865,180.8,-21.5,-22.0,-5.7,-11.1,-0.5,0.0018295649999999998
1046,20.84,-0.9,0.71,0.001884,181.0,-21.2,-21.3,-5.7,-11.7,-0.4,0.001835016
1047,20.74,-0.9,0.71,0.001903,181.2,-21.0,-21.3,-5.7,-10.9,-0.7,0.0018573279999999999
1048,20.64,-0.9,0.71,0.001922,181.4,-20.8,-21.8,-5.7,-11.5,-0.8,0.001858574
1049,20.54,-0.9,0.71,0.001941,181.5,-20.5,-22.0,-5.7,-11.7,-1.0,0.0018633599999999999
1050,20.44,-0.9,0.71,0.00196,181.7,-20.3,-21.4,-5.7,-11.7,-1.1,0.0018717999999999999
1051,20.34,-0.9,0.71,0.00198,181.9,-20.1,-22.1,-5.7,-10.9,-1.3,0.00189684
1052,20.24,-0.9,0.71,0.002,182.1,-19.8,-22.3,-5.7,-11.0,-1.2,0.001906
1053,20.14,-0.9,0.71,0.00202,182.3,-19.6,-22.1,-5.7,-11.8,-1.1,0.00190688
1054,20.04,-0.9,0.71,0.002041,182.4,-19.4,-20.6,-5.7,-12.9,-1.1,0.0019246629999999999
1055,19.94,-0.9,0.71,0.002061,182.6,-19.0,-20.2,-5.7,-11.9,-1.1,0.0019332179999999998
1056,19.84,-0.9,0.71,0.00208,182.8,-18.6,-18.5,-5.6,-11.9,-1.1,0.0019552
1057,19.74,-0.9,0.71,0.002101,183.0,-18.1,-18.1,-5.5,-11.5,-1.1,0.0019791419999999997
1058,19.64,-0.9,0.71,0.002121,183.1,-17.7,-16.8,-5.4,-11.8,-1.2,0.00199374
1059,19.54,-0.9,0.71,0.002141,183.3,-17.3,-15.8,-5.3,-12.5,-1.1,0.002008258
1060,19.44,-0.9,0.71,0.002162,183.5,-16.8,-15.9,-5.2,-12.8,-1.1,0.0020301179999999996
1061,19.34,-0.9,0.71,0.002183,183.7,-16.4,-14.9,-5.2,-12.4,-1.3,0.002049837
1062,19.24,-0.9,0.71,0.002204,183.8,-16.0,-14.4,-5.1,-12.8,-1.2,0.0020651479999999997
1063,19.14,-0.9,0.71,0.002225,184.0,-15.5,-13.8,-5.0,-11.9,-1.4,0.002093725
1064,19.04,-0.9,0.71,0.002247,184.2,-15.1,-13.8,-4.9,-11.7,-1.3,0.0021099329999999996
1065,18.94,-0.9,0.71,0.002269,184.3,-14.7,-13.0,-4.8,-11.6,-1.3,0.002137398
1066,18.84,-0.9,0.71,0.002291,184.5,-14.2,-12.7,-4.7,-11.6,-1.5,0.002169577
1067,18.74,-0.9,0.71,0.002313,184.7,-13.8,-13.6,-4.6,-11.8,-1.4,0.0021834719999999997
1068,18.64,-0.9,0.71,0.002335,184.9,-13.4,-12.4,-4.6,-11.2,-1.2,0.0022019049999999997
1069,18.54,-0.9,0.71,0.002358,185.0,-12.9,-11.6,-4.5,-11.1,-1.3,0.002233026
1070,18.44,-0.9,0.71,0.002381,185.2,-12.5,-11.5,-4.4,-10.3,-1.4,0.002245283
1071,18.34,-0.9,0.71,0.002404,185.4,-12.1,-11.0,-4.3,-9.2,-1.6,0.0022886079999999997
1072,18.24,-0.9,0.71,0.002427,185.5,-11.6,-9.9,-4.2,-8.6,-1.7,0.002315358
1073,18.14,-0.9,0.71,0.00245,185.7,-11.2,-9.3,-4.1,-7.3,-1.5,0.0023593499999999996
1074,18.04,-0.9,0.71,0.002474,185.9,-10.8,-8.0,-4.1,-7.3,-1.3,0.002392358
1075,17.94,-0.9,0.71,0.002498,186.1,-10.3,-7.9,-4.0,-7.2,-1.2,0.0024255579999999995
1076,17.84,-0.9,0.71,0.002522,186.2,-9.9,-8.2,-3.9,-7.4,-1.2,0.0024614719999999997
1077,17.74,-0.9,0.71,0.002547,186.4,-9.5,-8.4,-3.8,-6.6,-1.1,0.002501154
1078,17.64,-0.9,0.71,0.002571,186.6,-9.0,-8.7,-3.7,-6.8,-0.9,0.002522151
1079,17.54,-0.9,0.71,0.002596,186.7,-8.6,-7.7,-3.6,-5.7,-1.0,0.0025622519999999997
1080,17.44,-0.9,0.71,0.002621,186.9,-8.2,-7.3,-3.6,-5.7,-0.8,0.002576443
1081,17.34,-0.9,0.71,0.002647,187.1,-7.7,-7.0,-3.5,-5.4,-0.9,0.002604648
1082,17.24,-0.9,0.71,0.002673,187.3,-7.3,-6.7,-3.4,-5.9,-1.1,0.002640924
1083,17.14,-0.9,0.71,0.002698,187.4,-6.9,-6.4,-3.3,-6.6,-1.3,0.002681812
1084,17.04,-0.9,0.71,0.002725,187.6,-6.4,-4.9,-3.2,-6.7,-1.4,0.0026923
1085,16.94,-0.9,0.71,0.002751,187.8,-6.0,-4.3,-3.1,-6.6,-1.5,0.002712486
1086,16.84,-0.9,0.71,0.002778,187.9,-5.5,-3.9,-3.1,-5.9,-1.6,0.0027502200000000003
1087,16.74,-0.9,0.71,0.002805,188.1,-5.1,-2.9,-3.0,-6.8,-1.7,0.0027769500000000003
1088,16.64,-0.9,0.71,0.002832,188.3,-4.7,-1.8,-2.9,-7.1,-1.7,0.002786688
1089,16.54,-0.9,0.71,0.002859,188.5,-4.2,-0.7,-2.8,-6.1,-1.6,0.002813256
1090,16.44,-0.9,0.71,0.002887,188.6,-3.8,0.1,-2.7,-5.4,-1.5,0.0028263729999999996
1091,16.34,-0.9,0.71,0.002915,188.8,-3.4,-0.3,-2.6,-5.4,-1.5,0.002871275
1092,16.24,-0.9,0.71,0.002943,189.0,-2.9,-0.7,-2.5,-4.5,-1.6,0.002907684
1093,16.14,-0.9,0.71,0.002972,189.2,-2.5,-0.8,-2.5,-4.5,-1.5,0.002930392
1094,16.04,-0.9,0.71,0.003001,189.3,-2.1,-0.6,-2.4,-4.0,-1.6,0.0029679890000000003
1095,15.94,-0.9,0.71,0.00303,189.5,-1.6,-0.7,-2.3,-3.6,-1.5,0.0029966700000000003
1096,15.84,-0.9,0.71,0.003059,189.7,-1.2,-0.0,-2.2,-3.4,-1.5,0.0030437050000000003
1097,15.74,-0.9,0.71,0.003089,189.8,-0.8,0.1,-2.1,-2.7,-1.6,0.003070466
1098,15.64,-0.9,0.71,0.003119,190.0,-0.3,0.3,-2.0,-3.1,-1.6,0.0031283569999999996
1099,15.54,-0.9,0.71,0.003149,190.2,0.1,1.2,-2.0,-3.2,-1.7,0.0031741919999999997
1100,15.44,-0.9,0.71,0.00318,190.4,0.5,1.8,-1.9,-3.5,-1.6,0.00319272
1101,15.34,-0.9,0.71,0.00321,190.5,1.0,1.3,-1.8,-2.1,-1.5,0.00323247
1102,15.24,-0.9,0.71,0.003242,190.7,1.4,3.0,-1.7,-2.0,-1.5,0.003238758
1103,15.14,-0.9,0.71,0.003273,190.9,1.8,3.5,-1.6,-2.4,-1.5,0.003286092
1104,15.04,-0.9,0.71,0.003305,191.0,2.3,4.1,-1.5,-2.7,-1.6,0.00333144
1105,14.94,-0.9,0.71,0.003336,191.2,2.6,4.3,-1.5,-2.3,-1.5,0.0033593519999999995
1106,14.84,-0.9,0.71,0.003366,191.4,2.8,3.0,-1.5,-2.2,-1.6,0.0034063920000000003
1107,14.74,-0.9,0.71,0.003397,191.6,3.0,3.5,-1.5,-2.9,-1.6,0.0034411609999999994
1108,14.64,-0.9,0.71,0.003428,191.8,3.2,3.5,-1.5,-2.0,-1.6,0.0034725639999999996
1109,14.54,-0.9,0.71,0.003459,192.0,3.4,3.1,-1.4,-2.1,-1.6,0.003521262
1110,14.44,-0.9,0.71,0.003491,192.2,3.6,3.8,-1.4,-1.7,-1.6,0.003553838
1111,14.34,-0.9,0.71,0.003523,192.3,3.8,3.8,-1.4,-1.9,-1.7,0.003575845
1112,14.24,-0.9,0.71,0.003555,192.5,4.0,3.6,-1.4,-1.3,-1.5,0.00361188
1113,14.14,-0.9,0.71,0.003587,192.7,4.2,4.4,-1.4,-1.0,-1.5,0.0036264569999999996
1114,14.04,-0.9,0.71,0.00362,192.9,4.5,4.3,-1.4,-1.2,-1.5,0.00364896
1115,13.94,-0.9,0.71,0.003653,193.1,4.7,4.9,-1.4,-1.6,-1.7,0.00368953
1116,13.84,-0.9,0.71,0.003687,193.3,4.9,5.1,-1.3,-2.4,-1.7,0.0037238700000000002
1117,13.74,-0.9,0.71,0.00372,193.5,5.1,6.1,-1.3,-2.6,-1.6,0.0037683599999999997
1118,13.64,-0.9,0.71,0.003755,193.7,5.3,6.7,-1.3,-2.7,-1.7,0.0038338549999999997
1119,13.54,-0.9,0.71,0.003789,193.8,5.5,7.1,-1.3,-2.9,-1.5,0.0038572019999999997
1120,13.44,-0.9,0.71,0.003824,194.0,5.7,7.5,-1.3,-3.8,-1.5,0.00388136
1121,13.34,-0.9,0.71,0.003858,194.2,5.9,8.3,-1.3,-3.8,-1.5,0.003912012
1122,13.24,-0.9,0.71,0.003894,194.4,6.1,8.4,-1.2,-3.3,-1.3,0.003940728
1123,13.14,-0.9,0.71,0.003929,194.6,6.4,8.4,-1.2,-2.4,-1.2,0.003984006
1124,13.04,-0.9,0.72,0.003965,194.8,6.6,8.3,-1.2,-3.2,-1.2,0.00403637
1125,12.94,-0.9,0.72,0.004002,195.0,6.8,8.4,-1.2,-2.9,-1.2,0.004058028
1126,12.84,-0.9,0.72,0.004038,195.2,7.0,9.1,-1.2,-3.1,-1.0,0.004106645999999999
1127,12.74,-0.9,0.72,0.004075,195.3,7.2,8.8,-1.2,-3.2,-0.9,0.0041483499999999994
1128,12.64,-0.9,0.72,0.004113,195.5,7.4,8.6,-1.2,-3.2,-0.9,0.004182921
1129,12.54,-0.9,0.72,0.00415,195.7,7.6,9.2,-1.1,-3.0,-0.9,0.0042247000000000005
1130,12.44,-0.9,0.72,0.004188,195.9,7.8,9.9,-1.1,-4.0,-0.9,0.00427176
1131,12.34,-0.9,0.72,0.004227,196.1,8.0,9.9,-1.1,-3.6,-0.9,0.004319994
1132,12.24,-0.9,0.72,0.004265,196.3,8.2,10.2,-1.1,-2.8,-0.8,0.00435883
1133,12.14,-0.9,0.72,0.004304,196.5,8.5,10.8,-1.1,-3.2,-0.9,0.0043943839999999994
1134,12.04,-0.9,0.72,0.004344,196.7,8.7,11.1,-1.1,-2.6,-0.9,0.004439568
1135,11.94,-0.9,0.72,0.004384,196.8,8.9,11.1,-1.1,-1.3,-0.9,0.004497984
1136,11.84,-0.9,0.72,0.004424,197.0,9.1,10.7,-1.0,-1.4,-0.9,0.0045169039999999995
1137,11.74,-0.9,0.72,0.004464,197.2,9.3,10.3,-1.0,-2.1,-0.9,0.004535424000000001
1138,11.64,-0.9,0.72,0.004505,197.4,9.5,10.7,-1.0,-2.0,-1.0,0.004572575
1139,11.54,-0.9,0.72,0.004547,197.6,9.7,11.2,-1.0,-2.7,-1.0,0.0046197519999999995
1140,11.44,-0.9,0.72,0.004588,197.8,9.9,11.6,-1.0,-2.0,-0.9,0.004670584
1141,11.34,-0.9,0.72,0.00463,198.0,10.1,10.9,-1.0,-2.3,-0.8,0.004704079999999999
1142,11.24,-0.9,0.72,0.004673,198.2,10.4,11.5,-1.0,-2.8,-0.9,0.004757114
1143,11.14,-0.9,0.72,0.004716,198.3,10.6,11.9,-0.9,-2.4,-0.9,0.004838616
1144,11.04,-0.9,0.72,0.004759,198.5,10.8,11.4,-0.9,-2.7,-1.0,0.004901770000000001
1145,10.94,-0.9,0.72,0.004802,198.7,11.0,11.1,-0.9,-3.5,-0.9,0.0049508619999999995
1146,10.84,-0.9,0.72,0.004846,198.9,11.2,11.0,-0.9,-3.3,-0.9,0.0049962259999999994
1147,10.74,-0.9,0.72,0.004891,199.1,11.4,10.8,-0.9,-4.8,-1.0,0.0050475120000000005
1148,10.64,-0.9,0.72,0.004936,199.3,11.6,11.8,-0.9,-5.2,-0.9,0.005079144
1149,10.54,-0.9,0.72,0.004981,199.5,11.8,11.9,-0.9,-5.8,-1.0,0.005115487
1150,10.44,-0.9,0.72,0.005027,199.7,12.0,12.7,-0.8,-5.6,-1.1,0.005132566999999999
1151,10.34,-0.9,0.72,0.005073,199.8,12.3,13.7,-0.8,-5.0,-1.1,0.005204898
1152,10.24,-0.9,0.72,0.005119,200.0,12.5,14.5,-0.8,-4.9,-1.1,0.0052520940000000006
1153,10.14,-0.9,0.72,0.005166,200.2,12.7,14.6,-0.8,-4.7,-1.1,0.005305481999999999
1154,10.04,-0.9,0.72,0.005214,200.4,12.9,15.0,-0.8,-4.2,-1.2,0.005359992
1155,9.94,-0.9,0.72,0.00526,200.6,12.9,14.3,-0.8,-4.3,-1.3,0.00537046
1156,9.84,-0.9,0.72,0.005305,200.8,12.7,14.0,-0.7,-4.8,-1.3,0.005384574999999999
1157,9.74,-0.9,0.72,0.005351,201.0,12.5,12.8,-0.7,-5.0,-1.2,0.005431264999999999
1158,9.64,-0.9,0.72,0.005397,201.2,12.4,13.4,-0.7,-4.2,-1.2,0.005499542999999999
1159,9.54,-0.9,0.72,0.005444,201.4,12.2,13.3,-0.6,-4.0,-1.4,0.005541992
1160,9.44,-0.9,0.72,0.005491,201.6,12.0,13.7,-0.6,-4.7,-1.2,0.005573364999999999
1161,9.34,-0.9,0.72,0.005539,201.8,11.9,13.0,-0.6,-4.3,-1.0,0.005616546
1162,9.24,-0.9,0.72,0.005587,202.1,11.7,13.4,-0.6,-3.8,-1.2,0.005631696
1163,9.14,-0.9,0.72,0.005635,202.3,11.6,13.5,-0.5,-3.0,-1.1,0.005668810000000001
1164,9.04,-0.9,0.72,0.005684,202.5,11.4,13.8,-0.5,-2.7,-1.1,0.005718104
1165,8.94,-0.9,0.72,0.005733,202.7,11.2,13.9,-0.5,-3.9,-1.0,0.005773131
1166,8.84,-0.9,0.72,0.005782,202.9,11.1,14.0,-0.5,-3.8,-1.1,0.0057993459999999995
1167,8.74,-0.9,0.72,0.005832,203.1,10.9,15.0,-0.4,-3.6,-1.0,0.005814504000000001
1168,8.64,-0.9,0.72,0.005883,203.3,10.8,14.5,-0.4,-3.4,-1.0,0.005877117
1169,8.54,-0.9,0.72,0.005934,203.5,10.6,14.2,-0.4,-2.7,-1.1,0.005910264
1170,8.44,-0.9,0.72,0.005985,203.7,10.4,14.0,-0.3,-3.3,-1.0,0.005943105
1171,8.34,-0.9,0.72,0.006037,203.9,10.3,13.3,-0.3,-3.5,-1.2,0.005982667
1172,8.24,-0.9,0.72,0.006089,204.1,10.1,13.0,-0.3,-3.4,-1.1,0.006034199
1173,8.14,-0.9,0.72,0.006142,204.3,9.9,12.2,-0.3,-3.3,-1.2,0.0060560119999999995
1174,8.04,-0.9,0.72,0.006195,204.5,9.8,11.7,-0.2,-2.8,-1.2,0.00609588
1175,7.94,-0.9,0.72,0.006249,204.7,9.6,10.8,-0.2,-2.0,-1.2,0.006155265
1176,7.84,-0.9,0.72,0.006303,205.0,9.5,10.4,-0.2,-2.1,-1.3,0.006202152
1177,7.74,-0.9,0.72,0.006357,205.2,9.3,10.1,-0.1,-1.9,-1.1,0.006274358999999999
1178,7.64,-0.9,0.72,0.006412,205.4,9.1,10.4,-0.1,-2.9,-1.0,0.006341468
1179,7.54,-0.9,0.72,0.006468,205.6,9.0,10.6,-0.1,-2.5,-0.8,0.006358043999999999
1180,7.44,-0.9,0.72,0.006524,205.8,8.8,10.9,-0.1,-2.0,-0.8,0.0064130920000000004
1181,7.34,-0.9,0.72,0.006581,206.0,8.6,10.5,-0.0,-1.3,-0.6,0.006482285
1182,7.24,-0.9,0.72,0.006638,206.2,8.5,10.1,-0.0,-1.5,-0.7,0.00650524
1183,7.14,-0.9,0.72,0.006695,206.4,8.3,9.8,0.0,-1.8,-0.7,0.006594575
1184,7.04,-0.9,0.72,0.006753,206.6,8.2,9.2,0.1,-1.2,-0.4,0.006671964
1185,6.94,-0.9,0.72,0.006812,206.8,8.0,8.6,0.1,-1.3,-0.5,0.006716632
1186,6.84,-0.9,0.72,0.006871,207.0,7.8,8.4,0.1,-0.9,-0.6,0.006781677000000001
1187,6.74,-0.9,0.72,0.00693,207.2,7.7,8.1,0.1,-0.9,-0.6,0.006832980000000001
1188,6.64,-0.9,0.72,0.00699,207.4,7.5,8.1,0.2,-1.1,-0.5,0.006864179999999999
1189,6.54,-0.9,0.72,0.007051,207.6,7.3,8.1,0.2,-0.7,-0.5,0.006945235
1190,6.44,-0.9,0.72,0.007112,207.9,7.2,7.2,0.2,-1.2,-0.6,0.007012432
1191,6.34,-0.9,0.72,0.007174,208.1,7.0,6.8,0.3,-1.8,-0.4,0.007044868
1192,6.24,-0.9,0.72,0.007236,208.3,6.9,7.1,0.3,-0.9,-0.3,0.00709128
1193,6.14,-0.9,0.72,0.007299,208.5,6.7,6.9,0.3,-0.0,-0.4,0.007131123
1194,6.04,-0.9,0.72,0.007362,208.7,6.5,6.4,0.3,-0.2,-0.3,0.007163225999999999
1195,5.94,-0.9,0.72,0.007426,208.9,6.4,7.0,0.4,-0.3,-0.4,0.007232924
1196,5.84,-0.9,0.72,0.007491,209.1,6.2,6.8,0.4,-0.2,-0.5,0.007281252
1197,5.74,-0.9,0.72,0.007556,209.3,6.0,6.9,0.4,0.1,-0.5,0.007321764
1198,5.64,-0.9,0.72,0.007621,209.5,5.9,6.6,0.4,0.6,-0.6,0.007377128
1199,5.54,-0.9,0.72,0.007688,209.7,5.7,6.3,0.5,0.6,-0.7,0.0074573600000000006
